# T7: Mandala with concentric rings, radial spokes, petals, and corner ornaments (1061 Gaussians)
# Format: x y sigma alpha r g b  OR  x y sx sy theta alpha r g b
0.5970 0.5286 0.1651 0.0257 0.1751 0.0318 0.3037
0.5116 0.5135 0.1134 0.0384 0.1578 0.0706 0.3416
0.4280 0.7216 0.1221 0.0240 0.0803 0.0682 0.1786
0.5175 0.5594 0.0956 0.0397 0.1690 0.0689 0.2123
0.5311 0.4342 0.1070 0.0469 0.1697 0.0000 0.2881
0.6485 0.5196 0.1496 0.0475 0.2329 0.0684 0.1071
0.0245 0.6024 0.1148 0.0553 0.2125 0.0793 0.3007
0.3847 0.3199 0.1777 0.0486 0.2216 0.0297 0.2998
0.6841 0.5022 0.1169 0.0470 0.2041 0.0540 0.2840
0.5931 0.7509 0.1574 0.0345 0.1388 0.0561 0.2573
0.0842 0.3770 0.1683 0.0285 0.1852 0.0462 0.3071
0.5514 0.4463 0.1904 0.0317 0.1560 0.0433 0.2589
0.8642 0.5311 0.1958 0.0449 0.1765 0.0551 0.2549
0.5172 0.5477 0.0836 0.0306 0.0973 0.0149 0.2652
0.4202 0.4906 0.1760 0.0239 0.0745 0.0672 0.2581
0.5192 0.7299 0.1030 0.0464 0.1444 0.0951 0.3057
0.5703 0.5177 0.1067 0.0450 0.1755 0.0336 0.2579
0.3471 0.2823 0.1087 0.0483 0.1695 0.0402 0.2743
0.3867 0.3603 0.0848 0.0578 0.1562 0.0176 0.2733
0.2542 0.5514 0.1388 0.0369 0.1535 0.0421 0.2234
0.5942 0.6123 0.1985 0.0208 0.2143 0.0385 0.2362
0.5537 0.3509 0.0866 0.0361 0.1695 0.1166 0.1933
0.4576 0.3572 0.1837 0.0216 0.1340 0.0041 0.2786
0.6147 0.2708 0.1510 0.0296 0.1950 0.0645 0.1976
0.5277 0.3617 0.1206 0.0334 0.1943 0.0937 0.2222
0.3755 0.3176 0.1953 0.0254 0.1039 0.1014 0.3091
0.7256 0.4163 0.1447 0.0583 0.1666 0.0413 0.2184
0.2451 0.4572 0.1894 0.0398 0.2400 0.0152 0.2819
0.5773 0.2969 0.1987 0.0396 0.1373 0.0652 0.2370
0.3133 0.1163 0.1829 0.0501 0.0502 0.0331 0.2222
0.5798 0.4898 0.0111 0.0044 1.5531 0.5419 0.9203 0.1061 0.2394
0.5770 0.5076 0.0140 0.0022 1.7163 0.3330 0.9324 0.1737 0.1685
0.5806 0.5251 0.0143 0.0033 1.9091 0.3095 0.8822 0.2291 0.2059
0.5674 0.5380 0.0126 0.0030 2.0627 0.4620 0.8265 0.1243 0.2271
0.5695 0.5462 0.0109 0.0023 2.1775 0.3369 0.9546 0.1803 0.1769
0.5606 0.5510 0.0115 0.0028 2.3144 0.3691 0.8492 0.1980 0.2306
0.5498 0.5606 0.0109 0.0024 2.5216 0.4591 0.8699 0.1814 0.2213
0.5349 0.5714 0.0104 0.0026 2.6837 0.6690 0.8688 0.1707 0.1109
0.5234 0.5731 0.0124 0.0046 2.8445 0.5128 0.9247 0.1180 0.2578
0.5156 0.5816 0.0099 0.0021 2.9897 0.6092 0.9528 0.2539 0.1831
0.4975 0.5778 0.0064 0.0038 3.1897 0.6212 0.9616 0.1877 0.2472
0.4865 0.5783 0.0094 0.0044 3.3066 0.3375 0.8999 0.1431 0.1627
0.4692 0.5749 0.0141 0.0042 3.4724 0.4032 0.8258 0.2740 0.2140
0.4670 0.5745 0.0121 0.0031 3.5656 0.4544 0.9335 0.1553 0.2142
0.4448 0.5626 0.0065 0.0034 3.8039 0.6992 0.9397 0.1728 0.2179
0.4451 0.5586 0.0134 0.0046 3.9374 0.4120 0.8361 0.1659 0.0862
0.4299 0.5467 0.0106 0.0025 4.0999 0.5798 0.9407 0.2238 0.1493
0.4285 0.5356 0.0122 0.0032 4.2647 0.3438 0.8844 0.2461 0.1695
0.4229 0.5253 0.0123 0.0021 4.4033 0.5849 0.9430 0.2116 0.2085
0.4222 0.5178 0.0072 0.0032 4.5781 0.5318 0.7600 0.1719 0.1516
0.4214 0.5026 0.0132 0.0045 4.7153 0.3295 1.0000 0.1401 0.2446
0.4185 0.4834 0.0123 0.0050 4.8813 0.5715 0.8575 0.2402 0.1595
0.4195 0.4781 0.0120 0.0031 5.0061 0.3348 0.9183 0.1682 0.2406
0.4304 0.4618 0.0080 0.0032 5.1736 0.4824 0.9227 0.2204 0.1442
0.4365 0.4539 0.0084 0.0037 5.3228 0.4763 0.9530 0.2139 0.1825
0.4443 0.4411 0.0124 0.0029 5.5395 0.6159 0.8877 0.1899 0.2629
0.4505 0.4349 0.0115 0.0028 5.6600 0.4175 0.9169 0.1469 0.1206
0.4663 0.4221 0.0061 0.0032 5.8027 0.4950 0.9259 0.2187 0.2825
0.4720 0.4218 0.0076 0.0044 5.9725 0.4032 0.9376 0.2272 0.1921
0.4851 0.4162 0.0149 0.0023 6.1212 0.4189 0.9023 0.2353 0.2328
0.4951 0.4241 0.0101 0.0045 6.2529 0.6870 0.8361 0.2539 0.1900
0.5175 0.4220 0.0082 0.0035 6.4634 0.6306 0.9236 0.2499 0.2339
0.5198 0.4219 0.0072 0.0025 6.5974 0.4899 0.9366 0.1183 0.2756
0.5334 0.4269 0.0132 0.0040 6.7567 0.3736 0.9344 0.1753 0.2370
0.5461 0.4310 0.0089 0.0030 6.8778 0.5412 0.9016 0.1419 0.1548
0.5619 0.4463 0.0065 0.0047 7.0840 0.5630 0.8614 0.1912 0.2794
0.5653 0.4515 0.0066 0.0021 7.2208 0.4511 0.8384 0.1886 0.2542
0.5712 0.4642 0.0066 0.0038 7.3890 0.6516 0.9210 0.1325 0.1913
0.5750 0.4734 0.0120 0.0022 7.5333 0.4162 0.9449 0.2311 0.1186
0.5814 0.4844 0.0114 0.0027 7.6888 0.5955 0.8246 0.1917 0.1504
0.6451 0.5056 0.0102 0.0027 1.5734 0.5308 0.9645 0.6470 0.1311
0.6550 0.5236 0.0144 0.0036 1.6907 0.6083 0.9099 0.5499 0.0404
0.6500 0.5295 0.0091 0.0030 1.7975 0.6754 0.8852 0.5085 0.0847
0.6381 0.5560 0.0078 0.0027 1.9459 0.4055 0.8481 0.5800 0.1548
0.6394 0.5653 0.0076 0.0020 2.0224 0.6509 0.9302 0.4860 0.0881
0.6255 0.5785 0.0110 0.0023 2.1364 0.6732 0.8248 0.6736 0.1362
0.6215 0.5951 0.0081 0.0050 2.2166 0.6581 0.9261 0.5894 0.0467
0.6021 0.6044 0.0122 0.0039 2.3550 0.4184 0.7996 0.6106 0.1721
0.5897 0.6203 0.0131 0.0021 2.4634 0.3595 0.8543 0.6013 0.1335
0.5814 0.6269 0.0086 0.0039 2.5749 0.5996 0.9180 0.6405 0.1498
0.5731 0.6342 0.0099 0.0029 2.6554 0.5084 1.0000 0.5563 0.1900
0.5552 0.6382 0.0149 0.0021 2.7724 0.6071 0.9009 0.5996 0.1519
0.5357 0.6426 0.0140 0.0039 2.8897 0.3227 0.8677 0.5819 0.1153
0.5180 0.6512 0.0087 0.0024 2.9949 0.4241 0.8499 0.5728 0.1441
0.5067 0.6528 0.0114 0.0048 3.1125 0.6555 0.9212 0.6074 0.1416
0.4914 0.6474 0.0063 0.0046 3.2499 0.5607 0.8768 0.6170 0.1153
0.4720 0.6475 0.0114 0.0029 3.3279 0.5253 0.8434 0.6666 0.1144
0.4623 0.6359 0.0112 0.0044 3.4150 0.6093 0.8747 0.6148 0.0928
0.4490 0.6395 0.0105 0.0041 3.5192 0.3482 0.9248 0.6286 0.1195
0.4235 0.6296 0.0075 0.0043 3.6631 0.5807 0.9365 0.6474 0.0187
0.4074 0.6245 0.0066 0.0041 3.7986 0.4023 0.9150 0.5845 0.0368
0.3991 0.6145 0.0141 0.0046 3.8852 0.6515 0.8318 0.5865 0.0421
0.3906 0.6008 0.0087 0.0020 3.9778 0.4523 0.9026 0.5723 0.1131
0.3745 0.5884 0.0116 0.0025 4.1038 0.3844 0.8626 0.5143 0.0853
0.3663 0.5732 0.0111 0.0033 4.2253 0.5300 0.8954 0.5975 0.0844
0.3651 0.5617 0.0108 0.0033 4.3097 0.5273 0.9342 0.4865 0.1485
0.3550 0.5396 0.0120 0.0028 4.4482 0.6986 0.9701 0.6889 0.1181
0.3532 0.5252 0.0090 0.0029 4.5515 0.6866 0.8656 0.6628 0.0781
0.3446 0.5096 0.0114 0.0022 4.6668 0.4675 0.8501 0.5699 0.0768
0.3527 0.4912 0.0094 0.0043 4.7427 0.6169 0.9020 0.6421 0.1097
0.3461 0.4790 0.0091 0.0044 4.8650 0.6669 0.9571 0.6757 0.0843
0.3582 0.4613 0.0105 0.0049 4.9945 0.5951 0.7712 0.5231 0.1625
0.3590 0.4439 0.0106 0.0042 5.0823 0.5067 0.8973 0.5841 0.1692
0.3680 0.4248 0.0105 0.0041 5.2151 0.4492 0.9477 0.5240 0.0706
0.3785 0.4202 0.0145 0.0035 5.3248 0.3398 0.8120 0.6021 0.0870
0.3845 0.4027 0.0094 0.0030 5.4275 0.4166 0.9031 0.5095 0.2064
0.3968 0.3880 0.0064 0.0049 5.5321 0.3538 0.8391 0.6390 0.0000
0.4181 0.3798 0.0149 0.0029 5.6554 0.6623 0.8811 0.5270 0.0518
0.4266 0.3730 0.0095 0.0020 5.7552 0.3116 0.8558 0.5991 0.0803
0.4361 0.3670 0.0092 0.0022 5.8737 0.3767 0.8933 0.6609 0.1548
0.4594 0.3567 0.0099 0.0025 5.9992 0.4836 0.8941 0.6241 0.0620
0.4793 0.3453 0.0138 0.0036 6.1023 0.3701 0.8980 0.5556 0.1527
0.4918 0.3501 0.0146 0.0047 6.2222 0.4807 0.8364 0.6065 0.0022
0.5072 0.3463 0.0071 0.0039 6.3285 0.3117 0.9170 0.6300 0.1161
0.5186 0.3502 0.0138 0.0028 6.4112 0.3616 0.8906 0.6000 0.0749
0.5315 0.3510 0.0084 0.0048 6.5226 0.6572 0.9375 0.5879 0.0480
0.5459 0.3602 0.0115 0.0037 6.5985 0.4632 0.9389 0.6252 0.0889
0.5680 0.3683 0.0130 0.0047 6.7511 0.3057 0.8713 0.6118 0.1699
0.5799 0.3691 0.0064 0.0046 6.8461 0.4168 0.9830 0.6957 0.0618
0.5908 0.3750 0.0104 0.0032 6.9117 0.4323 0.8254 0.6058 0.0732
0.6030 0.3951 0.0118 0.0028 7.0866 0.3186 0.8604 0.5075 0.1327
0.6184 0.4137 0.0113 0.0036 7.1773 0.4900 0.9165 0.6822 0.1036
0.6263 0.4241 0.0137 0.0024 7.2861 0.4143 0.9423 0.5099 0.1161
0.6370 0.4312 0.0108 0.0028 7.4144 0.3267 0.9696 0.6396 0.0104
0.6476 0.4470 0.0083 0.0030 7.5182 0.4984 0.8963 0.6404 0.0191
0.6437 0.4645 0.0078 0.0031 7.6131 0.3474 0.8225 0.5108 0.1131
0.6554 0.4831 0.0084 0.0046 7.7505 0.3437 0.8903 0.5666 0.1730
0.7209 0.4937 0.0142 0.0040 1.5287 0.5330 0.2403 0.8538 0.3911
0.7154 0.5205 0.0063 0.0042 1.6571 0.6605 0.2115 0.8959 0.3234
0.7236 0.5409 0.0080 0.0037 1.7494 0.4834 0.1995 0.9372 0.2755
0.7128 0.5519 0.0090 0.0034 1.8270 0.4233 0.1255 0.9549 0.2846
0.7042 0.5784 0.0086 0.0042 1.9259 0.3930 0.1488 0.7970 0.3222
0.6928 0.5969 0.0061 0.0022 2.0360 0.5030 0.1937 0.9757 0.2868
0.6953 0.6037 0.0147 0.0040 2.0669 0.3064 0.2071 0.9873 0.3229
0.6818 0.6258 0.0089 0.0043 2.1752 0.6834 0.2826 0.9681 0.3186
0.6708 0.6406 0.0064 0.0048 2.2549 0.5566 0.2114 0.8763 0.3119
0.6601 0.6511 0.0103 0.0021 2.3173 0.5518 0.1648 0.9103 0.2596
0.6434 0.6614 0.0115 0.0025 2.4115 0.6333 0.1875 0.9126 0.3225
0.6285 0.6782 0.0069 0.0030 2.4818 0.5139 0.2916 0.8944 0.2671
0.6148 0.6849 0.0150 0.0046 2.5802 0.6409 0.1359 0.8254 0.2771
0.6019 0.6946 0.0073 0.0022 2.6513 0.6633 0.2009 0.8973 0.2792
0.5858 0.7027 0.0093 0.0041 2.7281 0.6389 0.2317 0.9037 0.2774
0.5728 0.7025 0.0132 0.0037 2.7824 0.3368 0.1589 0.8685 0.3523
0.5539 0.7132 0.0075 0.0028 2.9068 0.6989 0.2239 0.9466 0.3452
0.5463 0.7176 0.0092 0.0046 2.9371 0.5967 0.2807 0.8637 0.2901
0.5116 0.7127 0.0131 0.0049 3.0817 0.4494 0.1284 0.9338 0.3227
0.4919 0.7244 0.0063 0.0047 3.1819 0.6431 0.1568 0.9042 0.3237
0.4765 0.7180 0.0149 0.0047 3.2415 0.6174 0.1656 0.8408 0.2951
0.4585 0.7157 0.0149 0.0045 3.3110 0.5346 0.1592 0.9475 0.2958
0.4413 0.7186 0.0068 0.0022 3.4215 0.6932 0.2852 0.8846 0.3528
0.4265 0.7096 0.0082 0.0036 3.4907 0.6820 0.2158 0.9069 0.2223
0.4104 0.6984 0.0084 0.0023 3.5667 0.6826 0.2406 0.9774 0.3087
0.3881 0.6899 0.0080 0.0039 3.6833 0.3282 0.2494 0.8659 0.3207
0.3716 0.6791 0.0095 0.0025 3.7505 0.5824 0.1830 0.9046 0.2692
0.3644 0.6717 0.0106 0.0022 3.7924 0.3489 0.2132 0.9323 0.2869
0.3464 0.6569 0.0103 0.0035 3.9131 0.5500 0.2325 0.7517 0.3411
0.3334 0.6392 0.0104 0.0030 4.0096 0.6616 0.3198 0.9096 0.2945
0.3228 0.6276 0.0095 0.0020 4.0841 0.4394 0.2075 0.8881 0.2546
0.3150 0.6184 0.0101 0.0042 4.1358 0.5156 0.1244 0.9047 0.3000
0.2960 0.5897 0.0072 0.0026 4.2815 0.5671 0.0849 0.8586 0.2389
0.2972 0.5775 0.0128 0.0024 4.3456 0.5257 0.1249 0.8811 0.3273
0.2912 0.5715 0.0129 0.0034 4.4166 0.3417 0.1973 0.8412 0.3122
0.2847 0.5441 0.0132 0.0040 4.5176 0.4266 0.2857 0.8588 0.3576
0.2852 0.5224 0.0127 0.0039 4.6031 0.4380 0.1813 0.9426 0.2676
0.2796 0.5160 0.0108 0.0043 4.6438 0.4020 0.1981 0.8403 0.3006
0.2819 0.4913 0.0075 0.0043 4.7563 0.4306 0.1700 0.8632 0.4219
0.2817 0.4760 0.0089 0.0038 4.8223 0.5087 0.1889 0.9930 0.3508
0.2845 0.4639 0.0118 0.0037 4.8837 0.4041 0.1780 0.9009 0.3234
0.2905 0.4339 0.0084 0.0038 5.0078 0.4475 0.1922 0.9583 0.1852
0.2979 0.4154 0.0108 0.0034 5.1125 0.6320 0.2444 1.0000 0.3354
0.3041 0.4047 0.0125 0.0046 5.1733 0.3344 0.2683 0.9110 0.3235
0.3149 0.3913 0.0084 0.0032 5.2584 0.6109 0.2455 0.9169 0.2762
0.3184 0.3716 0.0137 0.0024 5.3205 0.6163 0.1713 0.9227 0.3149
0.3396 0.3580 0.0098 0.0031 5.4300 0.3877 0.3591 0.9654 0.3561
0.3500 0.3371 0.0091 0.0037 5.5695 0.5660 0.2186 0.8896 0.2721
0.3605 0.3360 0.0113 0.0050 5.5742 0.4335 0.1741 0.9409 0.2530
0.3786 0.3222 0.0115 0.0024 5.6824 0.4175 0.2499 0.9586 0.2949
0.3857 0.3115 0.0098 0.0043 5.7497 0.6999 0.3164 0.8695 0.3534
0.4095 0.3000 0.0078 0.0021 5.8468 0.4436 0.2613 0.9093 0.3833
0.4158 0.2964 0.0074 0.0026 5.8925 0.5086 0.1704 0.9569 0.3597
0.4429 0.2892 0.0097 0.0039 6.0249 0.4177 0.1739 0.8250 0.2247
0.4581 0.2808 0.0076 0.0050 6.0835 0.3783 0.1654 0.8802 0.2254
0.4924 0.2803 0.0111 0.0021 6.2259 0.4429 0.1777 0.9669 0.2518
0.5048 0.2843 0.0117 0.0027 6.2969 0.5028 0.1770 0.8697 0.3662
0.5118 0.2798 0.0110 0.0027 6.3458 0.4602 0.1950 0.9223 0.3180
0.5491 0.2885 0.0125 0.0027 6.4720 0.3528 0.2221 0.8550 0.3106
0.5451 0.2827 0.0144 0.0032 6.4944 0.3042 0.1568 0.8699 0.2968
0.5724 0.2910 0.0142 0.0025 6.5816 0.5664 0.1523 0.8856 0.2903
0.5902 0.2972 0.0089 0.0022 6.6749 0.4732 0.1610 0.9201 0.3096
0.6050 0.3097 0.0115 0.0033 6.7892 0.3289 0.2181 0.9442 0.2985
0.6176 0.3125 0.0095 0.0028 6.8463 0.5597 0.1854 0.9353 0.2733
0.6332 0.3155 0.0069 0.0029 6.9102 0.6546 0.1749 0.8415 0.2613
0.6524 0.3375 0.0150 0.0044 7.0408 0.3869 0.2616 0.9926 0.2528
0.6569 0.3454 0.0090 0.0020 7.0973 0.6577 0.1507 0.9172 0.2496
0.6663 0.3640 0.0070 0.0028 7.1836 0.5431 0.1651 0.9185 0.2781
0.6794 0.3753 0.0086 0.0039 7.2564 0.6719 0.2606 0.9240 0.3070
0.6917 0.3919 0.0064 0.0038 7.3323 0.4970 0.2112 0.9038 0.2660
0.7044 0.4098 0.0063 0.0041 7.4374 0.4150 0.1817 0.8953 0.3368
0.7115 0.4322 0.0077 0.0027 7.5472 0.5286 0.2248 0.7954 0.2748
0.7095 0.4507 0.0086 0.0041 7.6132 0.3483 0.2900 0.8404 0.4171
0.7088 0.4551 0.0092 0.0031 7.6713 0.6795 0.1732 0.9171 0.3217
0.7149 0.4832 0.0144 0.0029 7.7750 0.3998 0.2196 0.8138 0.3659
0.7988 0.5056 0.0060 0.0033 1.5877 0.4195 0.2145 0.4421 1.0000
0.8001 0.5153 0.0146 0.0020 1.6223 0.5866 0.1438 0.4694 0.9081
0.7950 0.5409 0.0145 0.0035 1.7091 0.6857 0.1463 0.4608 1.0000
0.7925 0.5563 0.0142 0.0040 1.7674 0.3136 0.1682 0.4518 0.9319
0.7886 0.5823 0.0140 0.0022 1.8457 0.3330 0.2018 0.5391 0.9573
0.7882 0.5965 0.0086 0.0043 1.8917 0.4577 0.2508 0.4802 1.0000
0.7768 0.6158 0.0123 0.0038 1.9740 0.3458 0.2053 0.4597 0.9163
0.7570 0.6497 0.0075 0.0050 2.0962 0.6694 0.1820 0.4634 0.9098
0.7546 0.6527 0.0135 0.0023 2.0908 0.6943 0.2748 0.4537 0.8945
0.7481 0.6551 0.0108 0.0027 2.1355 0.5671 0.3544 0.5527 0.9149
0.7346 0.6961 0.0146 0.0033 2.2629 0.6206 0.1858 0.4685 0.9331
0.7241 0.7025 0.0110 0.0050 2.3024 0.3867 0.1896 0.4789 0.9265
0.7220 0.7034 0.0116 0.0035 2.3274 0.5693 0.1859 0.5406 1.0000
0.6918 0.7294 0.0062 0.0041 2.4353 0.5910 0.2860 0.5081 0.9138
0.6728 0.7395 0.0141 0.0027 2.5266 0.6492 0.2415 0.5580 0.9031
0.6620 0.7544 0.0138 0.0046 2.5770 0.4920 0.1534 0.4790 0.9361
0.6443 0.7606 0.0113 0.0038 2.6349 0.4324 0.1676 0.5302 1.0000
0.6217 0.7725 0.0120 0.0022 2.7202 0.3278 0.2064 0.4865 0.9492
0.6122 0.7784 0.0128 0.0029 2.7548 0.5442 0.1881 0.5420 1.0000
0.5957 0.7814 0.0072 0.0033 2.8192 0.6651 0.1692 0.5143 0.9594
0.5667 0.7939 0.0148 0.0046 2.9129 0.5035 0.1116 0.5796 0.8813
0.5500 0.7930 0.0143 0.0021 2.9722 0.4130 0.1628 0.5493 0.9484
0.5281 0.7981 0.0064 0.0028 3.0503 0.3591 0.1196 0.4336 1.0000
0.5031 0.7973 0.0087 0.0047 3.1207 0.4437 0.1956 0.5231 0.9217
0.4910 0.7985 0.0121 0.0043 3.1761 0.6962 0.2303 0.5290 0.9961
0.4810 0.8023 0.0124 0.0027 3.2034 0.3782 0.2007 0.4070 1.0000
0.4486 0.7973 0.0148 0.0033 3.3110 0.5914 0.2947 0.5776 0.9784
0.4395 0.7925 0.0144 0.0036 3.3407 0.5493 0.1736 0.5149 0.9310
0.4134 0.7872 0.0076 0.0026 3.4204 0.5879 0.1564 0.4285 1.0000
0.3922 0.7804 0.0117 0.0042 3.5042 0.3383 0.1968 0.5686 0.9131
0.3795 0.7763 0.0093 0.0037 3.5426 0.4740 0.1849 0.5827 0.9736
0.3604 0.7628 0.0102 0.0020 3.6364 0.6157 0.1974 0.5009 0.8909
0.3418 0.7651 0.0081 0.0021 3.6742 0.6478 0.1467 0.4753 0.9213
0.3287 0.7471 0.0089 0.0034 3.7365 0.4143 0.2734 0.5998 0.9207
0.3183 0.7400 0.0068 0.0048 3.7987 0.6493 0.2456 0.5008 0.9209
0.3058 0.7257 0.0147 0.0049 3.8534 0.5831 0.1980 0.4272 0.9803
0.2865 0.7106 0.0090 0.0034 3.9423 0.5531 0.1696 0.4319 0.9241
0.2738 0.6970 0.0085 0.0040 3.9982 0.4237 0.1547 0.4753 0.8828
0.2577 0.6703 0.0113 0.0037 4.1027 0.6102 0.1794 0.4966 1.0000
0.2498 0.6647 0.0076 0.0047 4.1189 0.4569 0.1481 0.5535 0.9436
0.2300 0.6341 0.0092 0.0043 4.2497 0.6347 0.1707 0.5694 0.8376
0.2247 0.6246 0.0093 0.0022 4.2774 0.4023 0.2282 0.5530 0.8791
0.2208 0.6097 0.0082 0.0030 4.3395 0.4016 0.1907 0.5203 0.9129
0.2199 0.5947 0.0093 0.0030 4.3898 0.5467 0.2361 0.4995 0.9351
0.2084 0.5729 0.0068 0.0038 4.4724 0.6700 0.1143 0.5540 0.9940
0.2061 0.5522 0.0139 0.0022 4.5385 0.3152 0.1303 0.5108 0.9472
0.2014 0.5318 0.0073 0.0034 4.6068 0.5964 0.2460 0.5580 0.9641
0.2018 0.4941 0.0110 0.0041 4.7264 0.3251 0.2468 0.4942 0.9520
0.2006 0.4836 0.0081 0.0032 4.7559 0.3266 0.1938 0.5271 0.9521
0.2023 0.4721 0.0112 0.0033 4.8141 0.4625 0.2687 0.4116 0.9289
0.2008 0.4528 0.0150 0.0040 4.8662 0.5598 0.2021 0.4672 0.9864
0.2105 0.4248 0.0095 0.0037 4.9484 0.4121 0.2188 0.6008 0.9776
0.2154 0.4121 0.0082 0.0023 5.0203 0.5495 0.0725 0.5022 0.9516
0.2192 0.4026 0.0082 0.0048 5.0597 0.5357 0.2588 0.5246 0.8716
0.2254 0.3731 0.0149 0.0035 5.1364 0.4873 0.2347 0.3923 0.8701
0.2331 0.3617 0.0121 0.0022 5.2023 0.4305 0.2328 0.5211 0.9400
0.2445 0.3309 0.0067 0.0022 5.3012 0.5518 0.2550 0.5433 0.8953
0.2660 0.3171 0.0066 0.0036 5.3720 0.4043 0.1598 0.4578 0.9779
0.2648 0.3074 0.0133 0.0021 5.3896 0.4605 0.1907 0.4462 0.9518
0.2768 0.2879 0.0118 0.0032 5.4617 0.5197 0.1754 0.4712 0.8395
0.2888 0.2787 0.0077 0.0026 5.5254 0.5326 0.2192 0.5641 1.0000
0.3096 0.2632 0.0101 0.0048 5.6075 0.3884 0.1193 0.4734 0.9591
0.3299 0.2562 0.0141 0.0044 5.6601 0.6232 0.1345 0.5417 0.9092
0.3400 0.2522 0.0105 0.0025 5.7128 0.4413 0.2028 0.5208 1.0000
0.3647 0.2344 0.0139 0.0027 5.8031 0.3867 0.2155 0.5035 0.8254
0.3679 0.2277 0.0093 0.0046 5.8497 0.3928 0.1754 0.4872 0.9086
0.3985 0.2159 0.0131 0.0049 5.9530 0.4196 0.1660 0.4743 0.8995
0.4293 0.2048 0.0134 0.0041 6.0237 0.4533 0.3031 0.5162 0.9064
0.4279 0.2015 0.0074 0.0039 6.0403 0.6621 0.2098 0.4409 0.8754
0.4451 0.1993 0.0076 0.0027 6.1209 0.5028 0.1704 0.4133 0.8863
0.4762 0.2028 0.0110 0.0038 6.2069 0.5196 0.1732 0.5426 1.0000
0.5013 0.2006 0.0110 0.0050 6.2811 0.4852 0.1305 0.5585 0.9754
0.5098 0.2040 0.0124 0.0040 6.3261 0.3510 0.2638 0.4902 0.8654
0.5380 0.2000 0.0136 0.0034 6.4077 0.3376 0.2429 0.4412 1.0000
0.5532 0.2021 0.0067 0.0040 6.4702 0.3962 0.1717 0.4695 0.9713
0.5738 0.2072 0.0121 0.0036 6.5328 0.6688 0.2158 0.4526 0.9825
0.5838 0.2126 0.0066 0.0032 6.5679 0.4472 0.2000 0.4502 0.9444
0.6288 0.2287 0.0145 0.0022 6.6977 0.3599 0.1452 0.4639 0.9663
0.6256 0.2244 0.0125 0.0040 6.7062 0.6495 0.2451 0.5089 1.0000
0.6354 0.2307 0.0133 0.0042 6.7554 0.3982 0.2084 0.4594 0.9223
0.6643 0.2489 0.0109 0.0022 6.8658 0.4612 0.1850 0.4405 0.9453
0.6821 0.2655 0.0069 0.0046 6.9319 0.6880 0.2345 0.4515 0.9637
0.6908 0.2670 0.0079 0.0030 6.9794 0.3621 0.2350 0.5448 0.8620
0.7151 0.2881 0.0143 0.0032 7.0684 0.3609 0.1701 0.6071 0.9873
0.7305 0.3080 0.0081 0.0024 7.1618 0.5416 0.1765 0.5306 0.9723
0.7335 0.3197 0.0088 0.0020 7.2006 0.4290 0.1189 0.5177 0.9977
0.7487 0.3363 0.0139 0.0028 7.2548 0.5547 0.1379 0.5145 0.9649
0.7633 0.3468 0.0112 0.0038 7.3234 0.3843 0.1148 0.5583 0.9753
0.7693 0.3729 0.0135 0.0048 7.3921 0.5180 0.2142 0.4786 0.9238
0.7713 0.3865 0.0143 0.0035 7.4671 0.5105 0.1609 0.5108 0.8800
0.7868 0.4043 0.0126 0.0025 7.5309 0.4625 0.2411 0.5368 0.9943
0.7903 0.4193 0.0071 0.0042 7.6017 0.5075 0.2418 0.4932 0.9128
0.7882 0.4400 0.0088 0.0033 7.6496 0.5508 0.2562 0.4546 0.8588
0.7983 0.4706 0.0120 0.0030 7.7407 0.3037 0.2006 0.4959 0.9073
0.7981 0.4945 0.0061 0.0040 7.8270 0.5180 0.2273 0.4786 0.9154
0.9001 0.5000 0.0093 0.0026 1.5729 0.4481 0.7486 0.1747 0.9069
0.8981 0.5324 0.0082 0.0033 1.6445 0.3512 0.7804 0.0827 0.7892
0.8890 0.5455 0.0137 0.0040 1.6949 0.5176 0.8463 0.1960 0.8275
0.8940 0.5536 0.0101 0.0032 1.7074 0.5804 0.8361 0.2127 0.8273
0.8926 0.5752 0.0109 0.0047 1.7721 0.5327 0.7853 0.1671 0.8082
0.8889 0.5857 0.0108 0.0034 1.7984 0.3484 0.8242 0.1201 0.9009
0.8740 0.6391 0.0097 0.0042 1.9303 0.6050 0.8988 0.1882 0.9351
0.8705 0.6591 0.0124 0.0044 1.9635 0.3723 0.7961 0.2000 0.8821
0.8686 0.6603 0.0135 0.0024 1.9862 0.6451 0.8072 0.0693 0.7846
0.8545 0.6817 0.0090 0.0020 2.0457 0.4707 0.7390 0.1099 0.9625
0.8482 0.6927 0.0139 0.0036 2.0748 0.3600 0.7492 0.2183 0.8245
0.8343 0.7175 0.0097 0.0022 2.1451 0.5349 0.7796 0.2832 0.8185
0.8216 0.7361 0.0128 0.0047 2.2052 0.4119 0.7863 0.2348 0.8816
0.8110 0.7492 0.0092 0.0027 2.2478 0.5441 0.7833 0.2077 0.8852
0.7847 0.7845 0.0119 0.0031 2.3511 0.5423 0.8388 0.2260 0.8568
0.7762 0.7871 0.0091 0.0022 2.3799 0.5811 0.7749 0.2366 0.9532
0.7704 0.7987 0.0077 0.0045 2.4085 0.5582 0.8299 0.2330 0.8472
0.7420 0.8159 0.0092 0.0036 2.4816 0.5101 0.8794 0.1352 0.8989
0.7350 0.8309 0.0122 0.0022 2.5226 0.4944 0.8246 0.2733 0.8486
0.7043 0.8467 0.0113 0.0024 2.5938 0.3353 0.8177 0.1788 0.9084
0.6889 0.8532 0.0078 0.0029 2.6587 0.5514 0.7906 0.2344 0.9248
0.6780 0.8529 0.0102 0.0047 2.6832 0.3541 0.7695 0.1624 0.9373
0.6587 0.8618 0.0139 0.0032 2.7241 0.4495 0.7734 0.1778 0.8820
0.6679 0.8699 0.0077 0.0025 2.7216 0.5352 0.6950 0.1601 0.8802
0.6166 0.8814 0.0108 0.0041 2.8350 0.5337 0.7948 0.1230 0.9329
0.5956 0.8928 0.0135 0.0037 2.8857 0.5643 0.7588 0.2450 0.8611
0.5759 0.8941 0.0068 0.0044 2.9431 0.3581 0.8043 0.2191 0.8466
0.5661 0.8955 0.0082 0.0028 2.9742 0.3388 0.8152 0.2316 0.8960
0.5223 0.9013 0.0080 0.0042 3.0877 0.3228 0.8072 0.1826 0.8924
0.5150 0.8988 0.0063 0.0030 3.1053 0.6062 0.8424 0.2315 0.9232
0.5100 0.8986 0.0087 0.0042 3.1047 0.5420 0.7696 0.1892 0.8850
0.4741 0.9027 0.0079 0.0031 3.2011 0.5691 0.6800 0.2647 0.9514
0.4756 0.9014 0.0126 0.0024 3.2028 0.4728 0.8043 0.2296 0.8886
0.4274 0.8939 0.0141 0.0028 3.3210 0.5986 0.9077 0.0778 0.9447
0.4148 0.8907 0.0137 0.0042 3.3622 0.3685 0.8576 0.2670 0.8775
0.3887 0.8822 0.0087 0.0045 3.4340 0.6442 0.8252 0.1554 0.8796
0.3764 0.8766 0.0086 0.0045 3.4549 0.3604 0.8027 0.2211 0.8586
0.3450 0.8700 0.0108 0.0028 3.5452 0.6766 0.8609 0.2324 0.9248
0.3233 0.8616 0.0109 0.0034 3.5968 0.6044 0.7449 0.1321 0.8713
0.3164 0.8556 0.0128 0.0038 3.6113 0.5440 0.7327 0.2111 0.8427
0.3134 0.8490 0.0060 0.0045 3.6346 0.3691 0.7592 0.1840 0.8758
0.2866 0.8414 0.0068 0.0037 3.7067 0.6786 0.6817 0.1967 0.8655
0.2768 0.8309 0.0062 0.0031 3.7407 0.4443 0.7027 0.2302 0.8546
0.2473 0.8092 0.0063 0.0040 3.8158 0.3340 0.7957 0.1851 0.9382
0.2268 0.7951 0.0115 0.0033 3.8925 0.3102 0.8551 0.1512 0.9534
0.2249 0.7905 0.0134 0.0021 3.9145 0.3603 0.7711 0.1103 0.8726
0.2049 0.7712 0.0129 0.0031 3.9680 0.3412 0.7560 0.1870 0.9486
0.1914 0.7549 0.0129 0.0037 4.0023 0.5687 0.8755 0.1906 0.8880
0.1730 0.7337 0.0072 0.0037 4.0883 0.5511 0.7607 0.2622 0.9947
0.1586 0.7104 0.0133 0.0032 4.1578 0.4626 0.7373 0.1487 0.9222
0.1552 0.6983 0.0147 0.0023 4.1874 0.5598 0.9068 0.1772 0.8633
0.1399 0.6817 0.0113 0.0039 4.2505 0.6461 0.7235 0.2145 0.9102
0.1373 0.6726 0.0143 0.0045 4.2665 0.5278 0.7799 0.1849 0.8181
0.1307 0.6517 0.0125 0.0039 4.3157 0.5823 0.7867 0.2629 0.9044
0.1200 0.6266 0.0112 0.0026 4.3929 0.5482 0.7193 0.2224 0.8875
0.1109 0.6120 0.0087 0.0046 4.4399 0.3573 0.7839 0.2236 0.8803
0.1106 0.5848 0.0112 0.0034 4.5041 0.4731 0.8441 0.1649 0.8585
0.1012 0.5540 0.0079 0.0027 4.5759 0.4142 0.7928 0.1650 0.9415
0.1045 0.5419 0.0139 0.0037 4.6062 0.6625 0.7632 0.2523 0.8972
0.0998 0.5256 0.0133 0.0027 4.6545 0.6020 0.8011 0.1444 0.9414
0.1025 0.4989 0.0087 0.0033 4.7238 0.3951 0.7615 0.2448 0.8489
0.1034 0.4792 0.0127 0.0040 4.7655 0.5576 0.7853 0.2568 0.9522
0.1073 0.4538 0.0106 0.0022 4.8183 0.4219 0.7250 0.2135 0.8784
0.1020 0.4433 0.0121 0.0044 4.8501 0.5685 0.7846 0.1592 0.8621
0.1121 0.4138 0.0110 0.0029 4.9323 0.4457 0.7632 0.1869 0.9342
0.1093 0.4031 0.0122 0.0050 4.9647 0.6452 0.8897 0.1261 0.9163
0.1149 0.3880 0.0131 0.0030 4.9993 0.5450 0.8101 0.1548 0.8433
0.1212 0.3647 0.0145 0.0040 5.0395 0.4111 0.7398 0.1905 0.8509
0.1313 0.3301 0.0134 0.0024 5.1447 0.4208 0.8113 0.1847 0.8717
0.1437 0.3192 0.0108 0.0031 5.1910 0.5577 0.8810 0.2284 0.8814
0.1515 0.3011 0.0104 0.0030 5.2239 0.5354 0.8145 0.1196 0.8526
0.1634 0.2808 0.0128 0.0026 5.2840 0.5280 0.8090 0.1585 0.8977
0.1727 0.2733 0.0091 0.0039 5.3383 0.4098 0.7388 0.2137 0.8606
0.1834 0.2487 0.0132 0.0027 5.3801 0.6928 0.7364 0.1310 0.8988
0.1945 0.2415 0.0064 0.0026 5.4095 0.3313 0.8617 0.2444 0.9058
0.2207 0.2128 0.0064 0.0032 5.5123 0.6115 0.7711 0.2508 0.9129
0.2251 0.2152 0.0095 0.0028 5.5175 0.5459 0.9009 0.1913 0.8493
0.2513 0.1915 0.0143 0.0033 5.6106 0.6296 0.8194 0.1747 0.8578
0.2678 0.1736 0.0096 0.0042 5.6629 0.4179 0.8387 0.2281 0.8202
0.2727 0.1715 0.0138 0.0045 5.6828 0.5788 0.7538 0.2290 0.9895
0.3115 0.1468 0.0121 0.0039 5.7952 0.3404 0.8483 0.1764 0.9520
0.3144 0.1441 0.0127 0.0024 5.7996 0.5706 0.8614 0.1818 0.9678
0.3332 0.1332 0.0078 0.0027 5.8636 0.5472 0.8758 0.2257 0.9343
0.3604 0.1301 0.0145 0.0039 5.9126 0.4051 0.7723 0.1559 0.8869
0.3746 0.1152 0.0135 0.0028 5.9627 0.5867 0.8179 0.2083 0.8489
0.3986 0.1109 0.0131 0.0034 6.0158 0.3088 0.7868 0.1415 1.0000
0.4118 0.1073 0.0112 0.0046 6.0605 0.4433 0.8467 0.0887 0.8248
0.4429 0.1013 0.0145 0.0029 6.1371 0.4336 0.9275 0.2503 0.9098
0.4551 0.1056 0.0105 0.0045 6.1765 0.4205 0.8504 0.1350 0.9399
0.4807 0.0977 0.0086 0.0040 6.2402 0.6464 0.7852 0.1526 0.8950
0.4792 0.0960 0.0094 0.0030 6.2366 0.6357 0.8160 0.2045 0.8331
0.5191 0.1020 0.0092 0.0029 6.3200 0.4652 0.8101 0.2066 0.8721
0.5221 0.0993 0.0113 0.0036 6.3516 0.3036 0.7011 0.1659 0.8978
0.5565 0.1029 0.0064 0.0041 6.4363 0.4501 0.7842 0.2416 0.9613
0.5802 0.1079 0.0060 0.0044 6.4811 0.4786 0.8293 0.2384 0.9273
0.6034 0.1113 0.0132 0.0038 6.5453 0.3981 0.7956 0.1652 0.9380
0.6140 0.1093 0.0116 0.0046 6.5746 0.5456 0.8054 0.2282 0.9819
0.6350 0.1200 0.0136 0.0040 6.6258 0.4886 0.7822 0.2372 0.8366
0.6608 0.1387 0.0081 0.0038 6.6992 0.4608 0.7620 0.1018 0.8976
0.6801 0.1449 0.0088 0.0028 6.7420 0.4880 0.8056 0.1894 0.8347
0.6933 0.1514 0.0060 0.0049 6.7938 0.4936 0.8080 0.1896 0.7882
0.7131 0.1586 0.0117 0.0028 6.8439 0.5164 0.8159 0.2365 0.9836
0.7310 0.1732 0.0134 0.0040 6.8908 0.3501 0.7456 0.2015 0.9235
0.7537 0.1913 0.0111 0.0039 6.9650 0.5917 0.7785 0.1444 0.9474
0.7648 0.2016 0.0088 0.0028 7.0065 0.6125 0.7900 0.2675 0.8985
0.7845 0.2216 0.0141 0.0041 7.0729 0.6306 0.7164 0.1969 0.9888
0.7958 0.2275 0.0060 0.0047 7.1224 0.3256 0.8667 0.1899 0.9039
0.8125 0.2417 0.0129 0.0029 7.1612 0.3946 0.8469 0.1181 0.8744
0.8170 0.2630 0.0074 0.0028 7.2110 0.4991 0.8056 0.1654 0.9941
0.8318 0.2783 0.0135 0.0022 7.2628 0.4713 0.7835 0.1892 0.8167
0.8429 0.2980 0.0086 0.0036 7.3248 0.6268 0.7626 0.1583 0.8506
0.8597 0.3258 0.0126 0.0022 7.4034 0.4268 0.8274 0.2346 0.9419
0.8651 0.3399 0.0139 0.0048 7.4411 0.3576 0.7763 0.2403 0.8695
0.8760 0.3517 0.0083 0.0043 7.4842 0.6947 0.7130 0.1940 0.9076
0.8770 0.3771 0.0067 0.0026 7.5440 0.4195 0.7540 0.2077 0.8367
0.8799 0.3939 0.0136 0.0034 7.5843 0.4444 0.8482 0.1672 0.8867
0.8888 0.4176 0.0067 0.0045 7.6396 0.6960 0.8084 0.1580 0.9109
0.9009 0.4378 0.0080 0.0046 7.6966 0.3387 0.7701 0.1880 0.8717
0.8996 0.4426 0.0111 0.0033 7.7210 0.4202 0.7495 0.1832 0.8497
0.9013 0.4805 0.0096 0.0035 7.8088 0.6544 0.7905 0.1922 0.9384
0.5500 0.5000 0.0133 0.0042 0.0000 0.4147 0.9000 0.3960 0.1800
0.5711 0.5000 0.0154 0.0048 0.0000 0.3853 0.9000 0.4872 0.1800
0.5922 0.5000 0.0206 0.0045 0.0000 0.3274 0.9000 0.5784 0.1800
0.6133 0.5000 0.0127 0.0043 0.0000 0.2487 0.9000 0.6696 0.1800
0.6344 0.5000 0.0192 0.0041 0.0000 0.4356 0.9000 0.7608 0.1800
0.6556 0.5000 0.0220 0.0031 0.0000 0.3930 0.9000 0.8520 0.1800
0.6767 0.5000 0.0130 0.0047 0.0000 0.3768 0.8568 0.9000 0.1800
0.6978 0.5000 0.0195 0.0037 0.0000 0.4286 0.7656 0.9000 0.1800
0.7189 0.5000 0.0167 0.0040 0.0000 0.3082 0.6744 0.9000 0.1800
0.7400 0.5000 0.0214 0.0049 0.0000 0.4333 0.5832 0.9000 0.1800
0.7611 0.5000 0.0160 0.0052 0.0000 0.2382 0.4920 0.9000 0.1800
0.7822 0.5000 0.0125 0.0050 0.0000 0.2240 0.4008 0.9000 0.1800
0.8033 0.5000 0.0196 0.0031 0.0000 0.4386 0.3096 0.9000 0.1800
0.8244 0.5000 0.0121 0.0041 0.0000 0.4859 0.2184 0.9000 0.1800
0.8456 0.5000 0.0216 0.0043 0.0000 0.3770 0.1800 0.9000 0.2328
0.8667 0.5000 0.0207 0.0054 0.0000 0.3516 0.1800 0.9000 0.3240
0.8878 0.5000 0.0139 0.0054 0.0000 0.3747 0.1800 0.9000 0.4152
0.9089 0.5000 0.0201 0.0046 0.0000 0.4756 0.1800 0.9000 0.5064
0.5433 0.5250 0.0167 0.0033 0.5236 0.3224 0.9000 0.7560 0.1800
0.5616 0.5356 0.0199 0.0038 0.5236 0.3762 0.9000 0.8472 0.1800
0.5799 0.5461 0.0131 0.0051 0.5236 0.3877 0.8616 0.9000 0.1800
0.5981 0.5567 0.0185 0.0059 0.5236 0.3075 0.7704 0.9000 0.1800
0.6164 0.5672 0.0159 0.0036 0.5236 0.2556 0.6792 0.9000 0.1800
0.6347 0.5778 0.0135 0.0037 0.5236 0.4079 0.5880 0.9000 0.1800
0.6530 0.5883 0.0133 0.0052 0.5236 0.2062 0.4968 0.9000 0.1800
0.6713 0.5989 0.0142 0.0046 0.5236 0.2909 0.4056 0.9000 0.1800
0.6896 0.6094 0.0162 0.0038 0.5236 0.4108 0.3144 0.9000 0.1800
0.7078 0.6200 0.0136 0.0030 0.5236 0.3704 0.2232 0.9000 0.1800
0.7261 0.6306 0.0213 0.0031 0.5236 0.3866 0.1800 0.9000 0.2280
0.7444 0.6411 0.0135 0.0052 0.5236 0.3875 0.1800 0.9000 0.3192
0.7627 0.6517 0.0186 0.0032 0.5236 0.4050 0.1800 0.9000 0.4104
0.7810 0.6622 0.0202 0.0048 0.5236 0.4074 0.1800 0.9000 0.5016
0.7993 0.6728 0.0186 0.0042 0.5236 0.4883 0.1800 0.9000 0.5928
0.8175 0.6833 0.0182 0.0044 0.5236 0.2466 0.1800 0.9000 0.6840
0.8358 0.6939 0.0198 0.0053 0.5236 0.4886 0.1800 0.9000 0.7752
0.8541 0.7044 0.0214 0.0043 0.5236 0.4333 0.1800 0.9000 0.8664
0.5250 0.5433 0.0164 0.0040 1.0472 0.4311 0.6840 0.9000 0.1800
0.5356 0.5616 0.0192 0.0032 1.0472 0.2069 0.5928 0.9000 0.1800
0.5461 0.5799 0.0153 0.0043 1.0472 0.4567 0.5016 0.9000 0.1800
0.5567 0.5981 0.0131 0.0046 1.0472 0.3173 0.4104 0.9000 0.1800
0.5672 0.6164 0.0171 0.0039 1.0472 0.3343 0.3192 0.9000 0.1800
0.5778 0.6347 0.0175 0.0049 1.0472 0.3820 0.2280 0.9000 0.1800
0.5883 0.6530 0.0148 0.0037 1.0472 0.4797 0.1800 0.9000 0.2232
0.5989 0.6713 0.0160 0.0031 1.0472 0.2868 0.1800 0.9000 0.3144
0.6094 0.6896 0.0122 0.0031 1.0472 0.4640 0.1800 0.9000 0.4056
0.6200 0.7078 0.0166 0.0051 1.0472 0.2175 0.1800 0.9000 0.4968
0.6306 0.7261 0.0133 0.0051 1.0472 0.4999 0.1800 0.9000 0.5880
0.6411 0.7444 0.0200 0.0060 1.0472 0.4065 0.1800 0.9000 0.6792
0.6517 0.7627 0.0142 0.0030 1.0472 0.4056 0.1800 0.9000 0.7704
0.6622 0.7810 0.0124 0.0032 1.0472 0.4750 0.1800 0.9000 0.8616
0.6728 0.7993 0.0135 0.0050 1.0472 0.2193 0.1800 0.8472 0.9000
0.6833 0.8175 0.0137 0.0031 1.0472 0.4518 0.1800 0.7560 0.9000
0.6939 0.8358 0.0140 0.0042 1.0472 0.3572 0.1800 0.6648 0.9000
0.7044 0.8541 0.0176 0.0050 1.0472 0.2233 0.1800 0.5736 0.9000
0.5000 0.5500 0.0207 0.0030 1.5708 0.4583 0.3240 0.9000 0.1800
0.5000 0.5711 0.0210 0.0046 1.5708 0.2255 0.2328 0.9000 0.1800
0.5000 0.5922 0.0142 0.0032 1.5708 0.4641 0.1800 0.9000 0.2184
0.5000 0.6133 0.0203 0.0046 1.5708 0.2200 0.1800 0.9000 0.3096
0.5000 0.6344 0.0209 0.0054 1.5708 0.3141 0.1800 0.9000 0.4008
0.5000 0.6556 0.0206 0.0058 1.5708 0.3332 0.1800 0.9000 0.4920
0.5000 0.6767 0.0178 0.0045 1.5708 0.2324 0.1800 0.9000 0.5832
0.5000 0.6978 0.0165 0.0050 1.5708 0.4217 0.1800 0.9000 0.6744
0.5000 0.7189 0.0216 0.0040 1.5708 0.2868 0.1800 0.9000 0.7656
0.5000 0.7400 0.0191 0.0043 1.5708 0.2242 0.1800 0.9000 0.8568
0.5000 0.7611 0.0189 0.0049 1.5708 0.4821 0.1800 0.8520 0.9000
0.5000 0.7822 0.0123 0.0045 1.5708 0.3628 0.1800 0.7608 0.9000
0.5000 0.8033 0.0142 0.0044 1.5708 0.2301 0.1800 0.6696 0.9000
0.5000 0.8244 0.0191 0.0052 1.5708 0.4701 0.1800 0.5784 0.9000
0.5000 0.8456 0.0173 0.0058 1.5708 0.4585 0.1800 0.4872 0.9000
0.5000 0.8667 0.0152 0.0059 1.5708 0.4971 0.1800 0.3960 0.9000
0.5000 0.8878 0.0145 0.0035 1.5708 0.4835 0.1800 0.3048 0.9000
0.5000 0.9089 0.0153 0.0059 1.5708 0.3499 0.1800 0.2136 0.9000
0.4750 0.5433 0.0152 0.0041 2.0944 0.4680 0.1800 0.9000 0.3960
0.4644 0.5616 0.0166 0.0052 2.0944 0.3350 0.1800 0.9000 0.4872
0.4539 0.5799 0.0123 0.0051 2.0944 0.2015 0.1800 0.9000 0.5784
0.4433 0.5981 0.0179 0.0054 2.0944 0.2603 0.1800 0.9000 0.6696
0.4328 0.6164 0.0180 0.0032 2.0944 0.2094 0.1800 0.9000 0.7608
0.4222 0.6347 0.0208 0.0048 2.0944 0.4167 0.1800 0.9000 0.8520
0.4117 0.6530 0.0130 0.0036 2.0944 0.4552 0.1800 0.8568 0.9000
0.4011 0.6713 0.0158 0.0045 2.0944 0.2434 0.1800 0.7656 0.9000
0.3906 0.6896 0.0124 0.0060 2.0944 0.2443 0.1800 0.6744 0.9000
0.3800 0.7078 0.0193 0.0050 2.0944 0.2745 0.1800 0.5832 0.9000
0.3694 0.7261 0.0203 0.0056 2.0944 0.3543 0.1800 0.4920 0.9000
0.3589 0.7444 0.0179 0.0042 2.0944 0.4169 0.1800 0.4008 0.9000
0.3483 0.7627 0.0144 0.0040 2.0944 0.2901 0.1800 0.3096 0.9000
0.3378 0.7810 0.0204 0.0039 2.0944 0.3782 0.1800 0.2184 0.9000
0.3272 0.7993 0.0127 0.0035 2.0944 0.4865 0.2328 0.1800 0.9000
0.3167 0.8175 0.0166 0.0048 2.0944 0.2804 0.3240 0.1800 0.9000
0.3061 0.8358 0.0194 0.0042 2.0944 0.4638 0.4152 0.1800 0.9000
0.2956 0.8541 0.0185 0.0043 2.0944 0.2461 0.5064 0.1800 0.9000
0.4567 0.5250 0.0132 0.0056 2.6180 0.4338 0.1800 0.9000 0.7560
0.4384 0.5356 0.0153 0.0034 2.6180 0.3781 0.1800 0.9000 0.8472
0.4201 0.5461 0.0154 0.0057 2.6180 0.2239 0.1800 0.8616 0.9000
0.4019 0.5567 0.0207 0.0036 2.6180 0.3551 0.1800 0.7704 0.9000
0.3836 0.5672 0.0144 0.0047 2.6180 0.4288 0.1800 0.6792 0.9000
0.3653 0.5778 0.0203 0.0051 2.6180 0.4587 0.1800 0.5880 0.9000
0.3470 0.5883 0.0132 0.0031 2.6180 0.4662 0.1800 0.4968 0.9000
0.3287 0.5989 0.0158 0.0045 2.6180 0.2349 0.1800 0.4056 0.9000
0.3104 0.6094 0.0202 0.0039 2.6180 0.2625 0.1800 0.3144 0.9000
0.2922 0.6200 0.0134 0.0053 2.6180 0.2885 0.1800 0.2232 0.9000
0.2739 0.6306 0.0166 0.0052 2.6180 0.3542 0.2280 0.1800 0.9000
0.2556 0.6411 0.0183 0.0055 2.6180 0.4571 0.3192 0.1800 0.9000
0.2373 0.6517 0.0175 0.0036 2.6180 0.3089 0.4104 0.1800 0.9000
0.2190 0.6622 0.0178 0.0050 2.6180 0.2601 0.5016 0.1800 0.9000
0.2007 0.6728 0.0198 0.0036 2.6180 0.2286 0.5928 0.1800 0.9000
0.1825 0.6833 0.0124 0.0059 2.6180 0.4795 0.6840 0.1800 0.9000
0.1642 0.6939 0.0214 0.0040 2.6180 0.2636 0.7752 0.1800 0.9000
0.1459 0.7044 0.0182 0.0031 2.6180 0.3190 0.8664 0.1800 0.9000
0.4500 0.5000 0.0219 0.0053 3.1416 0.2345 0.1800 0.6840 0.9000
0.4289 0.5000 0.0166 0.0058 3.1416 0.4609 0.1800 0.5928 0.9000
0.4078 0.5000 0.0220 0.0043 3.1416 0.2238 0.1800 0.5016 0.9000
0.3867 0.5000 0.0139 0.0057 3.1416 0.4134 0.1800 0.4104 0.9000
0.3656 0.5000 0.0217 0.0054 3.1416 0.4649 0.1800 0.3192 0.9000
0.3444 0.5000 0.0210 0.0048 3.1416 0.2092 0.1800 0.2280 0.9000
0.3233 0.5000 0.0142 0.0055 3.1416 0.3010 0.2232 0.1800 0.9000
0.3022 0.5000 0.0189 0.0056 3.1416 0.4498 0.3144 0.1800 0.9000
0.2811 0.5000 0.0189 0.0043 3.1416 0.3347 0.4056 0.1800 0.9000
0.2600 0.5000 0.0190 0.0043 3.1416 0.4783 0.4968 0.1800 0.9000
0.2389 0.5000 0.0163 0.0050 3.1416 0.2113 0.5880 0.1800 0.9000
0.2178 0.5000 0.0190 0.0049 3.1416 0.4790 0.6792 0.1800 0.9000
0.1967 0.5000 0.0122 0.0047 3.1416 0.3966 0.7704 0.1800 0.9000
0.1756 0.5000 0.0179 0.0037 3.1416 0.4779 0.8616 0.1800 0.9000
0.1544 0.5000 0.0175 0.0055 3.1416 0.3309 0.9000 0.1800 0.8472
0.1333 0.5000 0.0193 0.0054 3.1416 0.4786 0.9000 0.1800 0.7560
0.1122 0.5000 0.0156 0.0048 3.1416 0.4666 0.9000 0.1800 0.6648
0.0911 0.5000 0.0134 0.0056 3.1416 0.4872 0.9000 0.1800 0.5736
0.4567 0.4750 0.0195 0.0054 3.6652 0.3414 0.1800 0.3240 0.9000
0.4384 0.4644 0.0161 0.0032 3.6652 0.2336 0.1800 0.2328 0.9000
0.4201 0.4539 0.0127 0.0035 3.6652 0.3050 0.2184 0.1800 0.9000
0.4019 0.4433 0.0220 0.0057 3.6652 0.4662 0.3096 0.1800 0.9000
0.3836 0.4328 0.0178 0.0051 3.6652 0.3924 0.4008 0.1800 0.9000
0.3653 0.4222 0.0162 0.0047 3.6652 0.3727 0.4920 0.1800 0.9000
0.3470 0.4117 0.0121 0.0031 3.6652 0.2920 0.5832 0.1800 0.9000
0.3287 0.4011 0.0179 0.0036 3.6652 0.3279 0.6744 0.1800 0.9000
0.3104 0.3906 0.0145 0.0046 3.6652 0.2295 0.7656 0.1800 0.9000
0.2922 0.3800 0.0200 0.0040 3.6652 0.2449 0.8568 0.1800 0.9000
0.2739 0.3694 0.0214 0.0057 3.6652 0.2844 0.9000 0.1800 0.8520
0.2556 0.3589 0.0197 0.0041 3.6652 0.2503 0.9000 0.1800 0.7608
0.2373 0.3483 0.0176 0.0045 3.6652 0.2809 0.9000 0.1800 0.6696
0.2190 0.3378 0.0219 0.0054 3.6652 0.3333 0.9000 0.1800 0.5784
0.2007 0.3272 0.0180 0.0056 3.6652 0.4864 0.9000 0.1800 0.4872
0.1825 0.3167 0.0122 0.0048 3.6652 0.3600 0.9000 0.1800 0.3960
0.1642 0.3061 0.0198 0.0045 3.6652 0.4772 0.9000 0.1800 0.3048
0.1459 0.2956 0.0156 0.0055 3.6652 0.3130 0.9000 0.1800 0.2136
0.4750 0.4567 0.0176 0.0054 4.1888 0.3236 0.3960 0.1800 0.9000
0.4644 0.4384 0.0192 0.0033 4.1888 0.4304 0.4872 0.1800 0.9000
0.4539 0.4201 0.0137 0.0033 4.1888 0.3838 0.5784 0.1800 0.9000
0.4433 0.4019 0.0176 0.0052 4.1888 0.4018 0.6696 0.1800 0.9000
0.4328 0.3836 0.0186 0.0032 4.1888 0.2545 0.7608 0.1800 0.9000
0.4222 0.3653 0.0128 0.0053 4.1888 0.3784 0.8520 0.1800 0.9000
0.4117 0.3470 0.0216 0.0041 4.1888 0.3246 0.9000 0.1800 0.8568
0.4011 0.3287 0.0169 0.0056 4.1888 0.4164 0.9000 0.1800 0.7656
0.3906 0.3104 0.0207 0.0034 4.1888 0.4619 0.9000 0.1800 0.6744
0.3800 0.2922 0.0176 0.0047 4.1888 0.3632 0.9000 0.1800 0.5832
0.3694 0.2739 0.0156 0.0033 4.1888 0.2664 0.9000 0.1800 0.4920
0.3589 0.2556 0.0138 0.0041 4.1888 0.3365 0.9000 0.1800 0.4008
0.3483 0.2373 0.0176 0.0043 4.1888 0.2859 0.9000 0.1800 0.3096
0.3378 0.2190 0.0131 0.0031 4.1888 0.4227 0.9000 0.1800 0.2184
0.3272 0.2007 0.0190 0.0040 4.1888 0.3365 0.9000 0.2328 0.1800
0.3167 0.1825 0.0144 0.0040 4.1888 0.4195 0.9000 0.3240 0.1800
0.3061 0.1642 0.0162 0.0055 4.1888 0.4564 0.9000 0.4152 0.1800
0.2956 0.1459 0.0181 0.0032 4.1888 0.2513 0.9000 0.5064 0.1800
0.5000 0.4500 0.0136 0.0033 4.7124 0.4707 0.7560 0.1800 0.9000
0.5000 0.4289 0.0218 0.0035 4.7124 0.2210 0.8472 0.1800 0.9000
0.5000 0.4078 0.0218 0.0040 4.7124 0.4286 0.9000 0.1800 0.8616
0.5000 0.3867 0.0154 0.0049 4.7124 0.3827 0.9000 0.1800 0.7704
0.5000 0.3656 0.0171 0.0044 4.7124 0.3341 0.9000 0.1800 0.6792
0.5000 0.3444 0.0145 0.0039 4.7124 0.3441 0.9000 0.1800 0.5880
0.5000 0.3233 0.0128 0.0054 4.7124 0.2660 0.9000 0.1800 0.4968
0.5000 0.3022 0.0157 0.0036 4.7124 0.3673 0.9000 0.1800 0.4056
0.5000 0.2811 0.0219 0.0032 4.7124 0.4674 0.9000 0.1800 0.3144
0.5000 0.2600 0.0195 0.0050 4.7124 0.4589 0.9000 0.1800 0.2232
0.5000 0.2389 0.0167 0.0048 4.7124 0.3688 0.9000 0.2280 0.1800
0.5000 0.2178 0.0162 0.0035 4.7124 0.2687 0.9000 0.3192 0.1800
0.5000 0.1967 0.0204 0.0044 4.7124 0.3961 0.9000 0.4104 0.1800
0.5000 0.1756 0.0198 0.0038 4.7124 0.4362 0.9000 0.5016 0.1800
0.5000 0.1544 0.0152 0.0045 4.7124 0.4776 0.9000 0.5928 0.1800
0.5000 0.1333 0.0196 0.0052 4.7124 0.4026 0.9000 0.6840 0.1800
0.5000 0.1122 0.0130 0.0060 4.7124 0.3933 0.9000 0.7752 0.1800
0.5000 0.0911 0.0141 0.0049 4.7124 0.4549 0.9000 0.8664 0.1800
0.5250 0.4567 0.0133 0.0044 5.2360 0.4272 0.9000 0.1800 0.6840
0.5356 0.4384 0.0187 0.0039 5.2360 0.4201 0.9000 0.1800 0.5928
0.5461 0.4201 0.0161 0.0038 5.2360 0.3760 0.9000 0.1800 0.5016
0.5567 0.4019 0.0159 0.0049 5.2360 0.3001 0.9000 0.1800 0.4104
0.5672 0.3836 0.0168 0.0052 5.2360 0.4602 0.9000 0.1800 0.3192
0.5778 0.3653 0.0131 0.0038 5.2360 0.4122 0.9000 0.1800 0.2280
0.5883 0.3470 0.0131 0.0035 5.2360 0.2294 0.9000 0.2232 0.1800
0.5989 0.3287 0.0212 0.0041 5.2360 0.3471 0.9000 0.3144 0.1800
0.6094 0.3104 0.0181 0.0031 5.2360 0.4920 0.9000 0.4056 0.1800
0.6200 0.2922 0.0149 0.0041 5.2360 0.4070 0.9000 0.4968 0.1800
0.6306 0.2739 0.0123 0.0039 5.2360 0.3600 0.9000 0.5880 0.1800
0.6411 0.2556 0.0214 0.0038 5.2360 0.4637 0.9000 0.6792 0.1800
0.6517 0.2373 0.0215 0.0054 5.2360 0.3711 0.9000 0.7704 0.1800
0.6622 0.2190 0.0161 0.0058 5.2360 0.4926 0.9000 0.8616 0.1800
0.6728 0.2007 0.0140 0.0042 5.2360 0.3600 0.8472 0.9000 0.1800
0.6833 0.1825 0.0198 0.0046 5.2360 0.4656 0.7560 0.9000 0.1800
0.6939 0.1642 0.0150 0.0050 5.2360 0.2015 0.6648 0.9000 0.1800
0.7044 0.1459 0.0181 0.0036 5.2360 0.3921 0.5736 0.9000 0.1800
0.5433 0.4750 0.0131 0.0038 5.7596 0.2838 0.9000 0.1800 0.3240
0.5616 0.4644 0.0179 0.0037 5.7596 0.3145 0.9000 0.1800 0.2328
0.5799 0.4539 0.0200 0.0044 5.7596 0.2319 0.9000 0.2184 0.1800
0.5981 0.4433 0.0208 0.0060 5.7596 0.2114 0.9000 0.3096 0.1800
0.6164 0.4328 0.0202 0.0031 5.7596 0.4168 0.9000 0.4008 0.1800
0.6347 0.4222 0.0129 0.0049 5.7596 0.3219 0.9000 0.4920 0.1800
0.6530 0.4117 0.0197 0.0052 5.7596 0.4658 0.9000 0.5832 0.1800
0.6713 0.4011 0.0170 0.0039 5.7596 0.2340 0.9000 0.6744 0.1800
0.6896 0.3906 0.0165 0.0041 5.7596 0.3405 0.9000 0.7656 0.1800
0.7078 0.3800 0.0151 0.0038 5.7596 0.4132 0.9000 0.8568 0.1800
0.7261 0.3694 0.0122 0.0035 5.7596 0.2810 0.8520 0.9000 0.1800
0.7444 0.3589 0.0190 0.0056 5.7596 0.4633 0.7608 0.9000 0.1800
0.7627 0.3483 0.0121 0.0055 5.7596 0.3581 0.6696 0.9000 0.1800
0.7810 0.3378 0.0200 0.0035 5.7596 0.2025 0.5784 0.9000 0.1800
0.7993 0.3272 0.0131 0.0048 5.7596 0.2497 0.4872 0.9000 0.1800
0.8175 0.3167 0.0168 0.0038 5.7596 0.3992 0.3960 0.9000 0.1800
0.8358 0.3061 0.0202 0.0051 5.7596 0.3052 0.3048 0.9000 0.1800
0.8541 0.2956 0.0158 0.0038 5.7596 0.4682 0.2136 0.9000 0.1800
0.6625 0.4985 0.0042 0.6227 1.0000 0.3000 0.3000
0.6712 0.4994 0.0058 0.3761 1.0000 0.3000 0.3000
0.6781 0.4991 0.0077 0.3090 1.0000 0.3000 0.3000
0.6539 0.5114 0.0047 0.5043 1.0000 0.5520 0.3000
0.6543 0.5190 0.0064 0.4365 1.0000 0.5520 0.3000
0.6601 0.5238 0.0048 0.4700 1.0000 0.5520 0.3000
0.6425 0.5035 0.0047 0.3179 1.0000 0.8040 0.3000
0.6365 0.5122 0.0074 0.3440 1.0000 0.8040 0.3000
0.6289 0.5174 0.0057 0.3389 1.0000 0.8040 0.3000
0.6411 0.4970 0.0048 0.6315 0.9440 1.0000 0.3000
0.6341 0.4917 0.0072 0.3972 0.9440 1.0000 0.3000
0.6305 0.4867 0.0044 0.5981 0.9440 1.0000 0.3000
0.6543 0.4934 0.0071 0.3040 0.6920 1.0000 0.3000
0.6567 0.4812 0.0047 0.5485 0.6920 1.0000 0.3000
0.6589 0.4755 0.0077 0.5020 0.6920 1.0000 0.3000
0.8127 0.4985 0.0047 0.5262 1.0000 0.3000 0.3000
0.8187 0.5011 0.0066 0.5571 1.0000 0.3000 0.3000
0.8261 0.5010 0.0056 0.6710 1.0000 0.3000 0.3000
0.8026 0.5095 0.0063 0.4220 1.0000 0.5520 0.3000
0.8069 0.5149 0.0054 0.6988 1.0000 0.5520 0.3000
0.8063 0.5236 0.0059 0.6095 1.0000 0.5520 0.3000
0.7924 0.5085 0.0057 0.4235 1.0000 0.8040 0.3000
0.7858 0.5106 0.0078 0.6090 1.0000 0.8040 0.3000
0.7830 0.5144 0.0047 0.5853 1.0000 0.8040 0.3000
0.7969 0.4937 0.0070 0.5835 0.9440 1.0000 0.3000
0.7859 0.4903 0.0047 0.6348 0.9440 1.0000 0.3000
0.7781 0.4840 0.0049 0.6397 0.9440 1.0000 0.3000
0.8079 0.4947 0.0058 0.5018 0.6920 1.0000 0.3000
0.8066 0.4828 0.0065 0.5990 0.6920 1.0000 0.3000
0.8072 0.4795 0.0040 0.3135 0.6920 1.0000 0.3000
0.6334 0.5778 0.0042 0.3554 1.0000 0.6500 0.3000
0.6456 0.5812 0.0070 0.5940 1.0000 0.6500 0.3000
0.6544 0.5867 0.0049 0.6944 1.0000 0.6500 0.3000
0.6290 0.5845 0.0054 0.5736 1.0000 0.9020 0.3000
0.6249 0.5917 0.0061 0.5888 1.0000 0.9020 0.3000
0.6247 0.6004 0.0044 0.4551 1.0000 0.9020 0.3000
0.6163 0.5777 0.0047 0.6107 0.8460 1.0000 0.3000
0.6168 0.5752 0.0075 0.6059 0.8460 1.0000 0.3000
0.6007 0.5781 0.0059 0.5465 0.8460 1.0000 0.3000
0.6275 0.5651 0.0073 0.6405 0.5940 1.0000 0.3000
0.6245 0.5560 0.0043 0.6027 0.5940 1.0000 0.3000
0.6166 0.5525 0.0061 0.3574 0.5940 1.0000 0.3000
0.6363 0.5697 0.0058 0.4192 0.3420 1.0000 0.3000
0.6430 0.5639 0.0041 0.6478 0.3420 1.0000 0.3000
0.6516 0.5607 0.0071 0.5737 0.3420 1.0000 0.3000
0.7699 0.6546 0.0050 0.4269 1.0000 0.6500 0.3000
0.7736 0.6609 0.0071 0.3163 1.0000 0.6500 0.3000
0.7853 0.6610 0.0060 0.3986 1.0000 0.6500 0.3000
0.7580 0.6622 0.0067 0.3907 1.0000 0.9020 0.3000
0.7562 0.6665 0.0043 0.3371 1.0000 0.9020 0.3000
0.7551 0.6769 0.0071 0.3169 1.0000 0.9020 0.3000
0.7505 0.6521 0.0071 0.3404 0.8460 1.0000 0.3000
0.7431 0.6523 0.0079 0.4856 0.8460 1.0000 0.3000
0.7325 0.6535 0.0046 0.5983 0.8460 1.0000 0.3000
0.7541 0.6384 0.0055 0.4129 0.5940 1.0000 0.3000
0.7521 0.6387 0.0070 0.5949 0.5940 1.0000 0.3000
0.7486 0.6262 0.0043 0.4688 0.5940 1.0000 0.3000
0.7642 0.6429 0.0044 0.3787 0.3420 1.0000 0.3000
0.7750 0.6399 0.0061 0.5704 0.3420 1.0000 0.3000
0.7809 0.6344 0.0068 0.5936 0.3420 1.0000 0.3000
0.5807 0.6413 0.0051 0.4205 1.0000 1.0000 0.3000
0.5866 0.6407 0.0042 0.5932 1.0000 1.0000 0.3000
0.5858 0.6526 0.0061 0.4172 1.0000 1.0000 0.3000
0.5659 0.6397 0.0077 0.5804 0.7480 1.0000 0.3000
0.5652 0.6448 0.0059 0.6270 0.7480 1.0000 0.3000
0.5598 0.6489 0.0062 0.5004 0.7480 1.0000 0.3000
0.5639 0.6274 0.0048 0.6379 0.4960 1.0000 0.3000
0.5586 0.6229 0.0067 0.4804 0.4960 1.0000 0.3000
0.5526 0.6223 0.0072 0.5853 0.4960 1.0000 0.3000
0.5745 0.6192 0.0040 0.4349 0.3000 1.0000 0.3560
0.5735 0.6127 0.0065 0.5634 0.3000 1.0000 0.3560
0.5795 0.6059 0.0074 0.6922 0.3000 1.0000 0.3560
0.5860 0.6257 0.0042 0.4564 0.3000 1.0000 0.6080
0.5913 0.6248 0.0052 0.6071 0.3000 1.0000 0.6080
0.6023 0.6259 0.0064 0.6091 0.3000 1.0000 0.6080
0.6559 0.7713 0.0072 0.5839 1.0000 1.0000 0.3000
0.6579 0.7771 0.0077 0.5997 1.0000 1.0000 0.3000
0.6584 0.7818 0.0075 0.5200 1.0000 1.0000 0.3000
0.6431 0.7674 0.0065 0.6791 0.7480 1.0000 0.3000
0.6373 0.7677 0.0045 0.3096 0.7480 1.0000 0.3000
0.6349 0.7782 0.0043 0.5365 0.7480 1.0000 0.3000
0.6440 0.7556 0.0055 0.4573 0.4960 1.0000 0.3000
0.6323 0.7464 0.0063 0.3172 0.4960 1.0000 0.3000
0.6277 0.7491 0.0060 0.6692 0.4960 1.0000 0.3000
0.6504 0.7503 0.0078 0.6133 0.3000 1.0000 0.3560
0.6563 0.7390 0.0053 0.5082 0.3000 1.0000 0.3560
0.6544 0.7336 0.0071 0.3902 0.3000 1.0000 0.3560
0.6608 0.7579 0.0050 0.3930 0.3000 1.0000 0.6080
0.6706 0.7545 0.0051 0.6635 0.3000 1.0000 0.6080
0.6749 0.7585 0.0078 0.3660 0.3000 1.0000 0.6080
0.4950 0.6604 0.0063 0.4677 0.6500 1.0000 0.3000
0.5004 0.6665 0.0065 0.4830 0.6500 1.0000 0.3000
0.5009 0.6765 0.0049 0.6194 0.6500 1.0000 0.3000
0.4875 0.6513 0.0041 0.5651 0.3980 1.0000 0.3000
0.4808 0.6538 0.0069 0.4653 0.3980 1.0000 0.3000
0.4740 0.6590 0.0056 0.4785 0.3980 1.0000 0.3000
0.4968 0.6399 0.0064 0.4695 0.3000 1.0000 0.4540
0.4904 0.6343 0.0048 0.3840 0.3000 1.0000 0.4540
0.4807 0.6302 0.0065 0.6086 0.3000 1.0000 0.4540
0.5091 0.6391 0.0051 0.6389 0.3000 1.0000 0.7060
0.5106 0.6356 0.0078 0.4092 0.3000 1.0000 0.7060
0.5167 0.6300 0.0072 0.4249 0.3000 1.0000 0.7060
0.5123 0.6541 0.0042 0.3115 0.3000 1.0000 0.9580
0.5130 0.6563 0.0063 0.4026 0.3000 1.0000 0.9580
0.5254 0.6567 0.0071 0.5414 0.3000 1.0000 0.9580
0.4997 0.8121 0.0060 0.6943 0.6500 1.0000 0.3000
0.4987 0.8201 0.0052 0.4700 0.6500 1.0000 0.3000
0.4978 0.8254 0.0064 0.4904 0.6500 1.0000 0.3000
0.4867 0.8079 0.0041 0.4247 0.3980 1.0000 0.3000
0.4841 0.8029 0.0070 0.5482 0.3980 1.0000 0.3000
0.4762 0.8120 0.0068 0.4279 0.3980 1.0000 0.3000
0.4932 0.7939 0.0042 0.3571 0.3000 1.0000 0.4540
0.4886 0.7865 0.0044 0.5466 0.3000 1.0000 0.4540
0.4827 0.7795 0.0048 0.3080 0.3000 1.0000 0.4540
0.5072 0.7916 0.0061 0.6819 0.3000 1.0000 0.7060
0.5101 0.7835 0.0054 0.4730 0.3000 1.0000 0.7060
0.5123 0.7804 0.0046 0.3799 0.3000 1.0000 0.7060
0.5080 0.8030 0.0063 0.6437 0.3000 1.0000 0.9580
0.5191 0.8037 0.0045 0.4022 0.3000 1.0000 0.9580
0.5246 0.8080 0.0058 0.4803 0.3000 1.0000 0.9580
0.4164 0.6368 0.0054 0.6339 0.3000 1.0000 0.3000
0.4138 0.6494 0.0052 0.6509 0.3000 1.0000 0.3000
0.4121 0.6509 0.0061 0.6448 0.3000 1.0000 0.3000
0.4157 0.6271 0.0074 0.5358 0.3000 1.0000 0.5520
0.4089 0.6299 0.0061 0.4219 0.3000 1.0000 0.5520
0.3994 0.6245 0.0041 0.4276 0.3000 1.0000 0.5520
0.4265 0.6208 0.0064 0.3033 0.3000 1.0000 0.8040
0.4220 0.6111 0.0057 0.3759 0.3000 1.0000 0.8040
0.4220 0.6038 0.0065 0.3772 0.3000 1.0000 0.8040
0.4333 0.6253 0.0056 0.6844 0.3000 0.9440 1.0000
0.4451 0.6225 0.0078 0.5355 0.3000 0.9440 1.0000
0.4514 0.6223 0.0071 0.5827 0.3000 0.9440 1.0000
0.4308 0.6349 0.0056 0.3608 0.3000 0.6920 1.0000
0.4331 0.6422 0.0064 0.5137 0.3000 0.6920 1.0000
0.4431 0.6483 0.0050 0.3811 0.3000 0.6920 1.0000
0.3478 0.7665 0.0055 0.3810 0.3000 1.0000 0.3000
0.3397 0.7764 0.0051 0.5754 0.3000 1.0000 0.3000
0.3406 0.7831 0.0056 0.6125 0.3000 1.0000 0.3000
0.3388 0.7562 0.0044 0.5209 0.3000 1.0000 0.5520
0.3324 0.7538 0.0041 0.4317 0.3000 1.0000 0.5520
0.3230 0.7529 0.0069 0.4684 0.3000 1.0000 0.5520
0.3498 0.7479 0.0049 0.4241 0.3000 1.0000 0.8040
0.3508 0.7420 0.0050 0.5307 0.3000 1.0000 0.8040
0.3496 0.7324 0.0045 0.5934 0.3000 1.0000 0.8040
0.3630 0.7555 0.0063 0.6872 0.3000 0.9440 1.0000
0.3673 0.7531 0.0045 0.3908 0.3000 0.9440 1.0000
0.3778 0.7465 0.0065 0.4994 0.3000 0.9440 1.0000
0.3578 0.7696 0.0052 0.4886 0.3000 0.6920 1.0000
0.3583 0.7743 0.0071 0.6289 0.3000 0.6920 1.0000
0.3660 0.7801 0.0077 0.6357 0.3000 0.6920 1.0000
0.3594 0.5780 0.0048 0.5444 0.3000 1.0000 0.6500
0.3536 0.5832 0.0073 0.4432 0.3000 1.0000 0.6500
0.3486 0.5887 0.0051 0.4108 0.3000 1.0000 0.6500
0.3635 0.5672 0.0063 0.6015 0.3000 1.0000 0.9020
0.3598 0.5625 0.0045 0.5959 0.3000 1.0000 0.9020
0.3531 0.5581 0.0077 0.4122 0.3000 1.0000 0.9020
0.3727 0.5679 0.0045 0.5819 0.3000 0.8460 1.0000
0.3817 0.5554 0.0054 0.4309 0.3000 0.8460 1.0000
0.3842 0.5526 0.0072 0.6962 0.3000 0.8460 1.0000
0.3812 0.5729 0.0079 0.5503 0.3000 0.5940 1.0000
0.3883 0.5770 0.0056 0.4432 0.3000 0.5940 1.0000
0.3947 0.5761 0.0068 0.4867 0.3000 0.5940 1.0000
0.3721 0.5832 0.0051 0.3624 0.3000 0.3420 1.0000
0.3718 0.5924 0.0076 0.5252 0.3000 0.3420 1.0000
0.3794 0.5975 0.0070 0.4827 0.3000 0.3420 1.0000
0.2339 0.6533 0.0048 0.4644 0.3000 1.0000 0.6500
0.2230 0.6584 0.0066 0.3652 0.3000 1.0000 0.6500
0.2211 0.6639 0.0051 0.6753 0.3000 1.0000 0.6500
0.2309 0.6415 0.0065 0.6597 0.3000 1.0000 0.9020
0.2250 0.6374 0.0072 0.6214 0.3000 1.0000 0.9020
0.2205 0.6354 0.0050 0.5524 0.3000 1.0000 0.9020
0.2439 0.6416 0.0079 0.3313 0.3000 0.8460 1.0000
0.2472 0.6308 0.0045 0.6412 0.3000 0.8460 1.0000
0.2483 0.6248 0.0078 0.3974 0.3000 0.8460 1.0000
0.2508 0.6488 0.0064 0.6179 0.3000 0.5940 1.0000
0.2585 0.6496 0.0050 0.5035 0.3000 0.5940 1.0000
0.2671 0.6524 0.0063 0.3664 0.3000 0.5940 1.0000
0.2409 0.6598 0.0075 0.4475 0.3000 0.3420 1.0000
0.2455 0.6657 0.0049 0.6124 0.3000 0.3420 1.0000
0.2468 0.6747 0.0060 0.4732 0.3000 0.3420 1.0000
0.3387 0.5006 0.0071 0.3049 0.3000 1.0000 1.0000
0.3295 0.5011 0.0064 0.4163 0.3000 1.0000 1.0000
0.3257 0.4969 0.0077 0.5299 0.3000 1.0000 1.0000
0.3461 0.4867 0.0062 0.5347 0.3000 0.7480 1.0000
0.3456 0.4863 0.0058 0.4670 0.3000 0.7480 1.0000
0.3458 0.4763 0.0050 0.5368 0.3000 0.7480 1.0000
0.3608 0.4960 0.0078 0.5552 0.3000 0.4960 1.0000
0.3676 0.4928 0.0072 0.3805 0.3000 0.4960 1.0000
0.3707 0.4841 0.0048 0.4784 0.3000 0.4960 1.0000
0.3556 0.5099 0.0060 0.4878 0.3560 0.3000 1.0000
0.3639 0.5113 0.0051 0.4386 0.3560 0.3000 1.0000
0.3678 0.5152 0.0046 0.6727 0.3560 0.3000 1.0000
0.3467 0.5100 0.0047 0.6335 0.6080 0.3000 1.0000
0.3438 0.5180 0.0063 0.5271 0.6080 0.3000 1.0000
0.3404 0.5250 0.0061 0.3436 0.6080 0.3000 1.0000
0.1911 0.5011 0.0061 0.5826 0.3000 1.0000 1.0000
0.1825 0.5022 0.0052 0.4675 0.3000 1.0000 1.0000
0.1737 0.5011 0.0074 0.5265 0.3000 1.0000 1.0000
0.1986 0.4944 0.0063 0.4556 0.3000 0.7480 1.0000
0.1958 0.4826 0.0070 0.5552 0.3000 0.7480 1.0000
0.1911 0.4708 0.0057 0.6930 0.3000 0.7480 1.0000
0.2113 0.4928 0.0062 0.6178 0.3000 0.4960 1.0000
0.2102 0.4899 0.0040 0.6607 0.3000 0.4960 1.0000
0.2217 0.4857 0.0045 0.6694 0.3000 0.4960 1.0000
0.2077 0.5023 0.0053 0.3571 0.3560 0.3000 1.0000
0.2135 0.5119 0.0074 0.5802 0.3560 0.3000 1.0000
0.2227 0.5133 0.0069 0.4632 0.3560 0.3000 1.0000
0.1986 0.5089 0.0065 0.5788 0.6080 0.3000 1.0000
0.1942 0.5171 0.0062 0.5380 0.6080 0.3000 1.0000
0.1923 0.5276 0.0047 0.4876 0.6080 0.3000 1.0000
0.3626 0.4228 0.0045 0.6797 0.3000 0.6500 1.0000
0.3565 0.4161 0.0061 0.6527 0.3000 0.6500 1.0000
0.3500 0.4092 0.0048 0.6622 0.3000 0.6500 1.0000
0.3734 0.4146 0.0054 0.5511 0.3000 0.3980 1.0000
0.3751 0.4073 0.0040 0.4900 0.3000 0.3980 1.0000
0.3763 0.3996 0.0048 0.4980 0.3000 0.3980 1.0000
0.3795 0.4271 0.0073 0.4066 0.4540 0.3000 1.0000
0.3848 0.4210 0.0062 0.4611 0.4540 0.3000 1.0000
0.3969 0.4230 0.0078 0.6773 0.4540 0.3000 1.0000
0.3698 0.4335 0.0054 0.4960 0.7060 0.3000 1.0000
0.3762 0.4402 0.0045 0.3486 0.7060 0.3000 1.0000
0.3794 0.4488 0.0076 0.5658 0.7060 0.3000 1.0000
0.3605 0.4323 0.0077 0.4966 0.9580 0.3000 1.0000
0.3557 0.4365 0.0067 0.4744 0.9580 0.3000 1.0000
0.3488 0.4395 0.0049 0.4767 0.9580 0.3000 1.0000
0.2335 0.3434 0.0054 0.3767 0.3000 0.6500 1.0000
0.2225 0.3392 0.0041 0.3904 0.3000 0.6500 1.0000
0.2182 0.3357 0.0076 0.6273 0.3000 0.6500 1.0000
0.2437 0.3415 0.0041 0.4788 0.3000 0.3980 1.0000
0.2449 0.3350 0.0042 0.6656 0.3000 0.3980 1.0000
0.2432 0.3250 0.0078 0.4212 0.3000 0.3980 1.0000
0.2508 0.3465 0.0042 0.3318 0.4540 0.3000 1.0000
0.2573 0.3476 0.0056 0.3705 0.4540 0.3000 1.0000
0.2659 0.3499 0.0071 0.3600 0.4540 0.3000 1.0000
0.2469 0.3616 0.0058 0.4086 0.7060 0.3000 1.0000
0.2436 0.3658 0.0060 0.4205 0.7060 0.3000 1.0000
0.2514 0.3729 0.0049 0.5172 0.7060 0.3000 1.0000
0.2336 0.3574 0.0060 0.6694 0.9580 0.3000 1.0000
0.2278 0.3608 0.0053 0.6008 0.9580 0.3000 1.0000
0.2190 0.3709 0.0045 0.3906 0.9580 0.3000 1.0000
0.4225 0.3619 0.0050 0.4233 0.3000 0.3000 1.0000
0.4178 0.3572 0.0044 0.4418 0.3000 0.3000 1.0000
0.4097 0.3491 0.0047 0.3539 0.3000 0.3000 1.0000
0.4263 0.3642 0.0071 0.4411 0.5520 0.3000 1.0000
0.4377 0.3563 0.0070 0.5858 0.5520 0.3000 1.0000
0.4436 0.3515 0.0076 0.3499 0.5520 0.3000 1.0000
0.4372 0.3733 0.0053 0.4380 0.8040 0.3000 1.0000
0.4431 0.3750 0.0045 0.4614 0.8040 0.3000 1.0000
0.4515 0.3794 0.0051 0.3648 0.8040 0.3000 1.0000
0.4240 0.3799 0.0072 0.5226 1.0000 0.3000 0.9440
0.4219 0.3881 0.0074 0.5107 1.0000 0.3000 0.9440
0.4258 0.3936 0.0041 0.3608 1.0000 0.3000 0.9440
0.4169 0.3726 0.0061 0.4924 1.0000 0.3000 0.6920
0.4076 0.3750 0.0076 0.6701 1.0000 0.3000 0.6920
0.4034 0.3795 0.0044 0.5455 1.0000 0.3000 0.6920
0.3451 0.2309 0.0048 0.3247 0.3000 0.3000 1.0000
0.3424 0.2244 0.0060 0.4291 0.3000 0.3000 1.0000
0.3353 0.2182 0.0051 0.5867 0.3000 0.3000 1.0000
0.3539 0.2303 0.0059 0.4811 0.5520 0.3000 1.0000
0.3614 0.2262 0.0057 0.4581 0.5520 0.3000 1.0000
0.3663 0.2226 0.0075 0.5154 0.5520 0.3000 1.0000
0.3580 0.2425 0.0074 0.4371 0.8040 0.3000 1.0000
0.3652 0.2473 0.0044 0.6652 0.8040 0.3000 1.0000
0.3723 0.2507 0.0067 0.6144 0.8040 0.3000 1.0000
0.3520 0.2482 0.0066 0.3543 1.0000 0.3000 0.9440
0.3470 0.2545 0.0055 0.3206 1.0000 0.3000 0.9440
0.3493 0.2653 0.0071 0.5063 1.0000 0.3000 0.9440
0.3390 0.2444 0.0046 0.3805 1.0000 0.3000 0.6920
0.3330 0.2408 0.0056 0.3087 1.0000 0.3000 0.6920
0.3202 0.2489 0.0065 0.4322 1.0000 0.3000 0.6920
0.5003 0.3394 0.0073 0.4967 0.6500 0.3000 1.0000
0.4979 0.3330 0.0053 0.5100 0.6500 0.3000 1.0000
0.4979 0.3229 0.0060 0.4386 0.6500 0.3000 1.0000
0.5074 0.3446 0.0047 0.3111 0.9020 0.3000 1.0000
0.5152 0.3422 0.0070 0.4515 0.9020 0.3000 1.0000
0.5247 0.3370 0.0075 0.3997 0.9020 0.3000 1.0000
0.5086 0.3559 0.0074 0.6754 1.0000 0.3000 0.8460
0.5105 0.3644 0.0061 0.6659 1.0000 0.3000 0.8460
0.5157 0.3660 0.0066 0.4839 1.0000 0.3000 0.8460
0.4930 0.3563 0.0050 0.3033 1.0000 0.3000 0.5940
0.4852 0.3606 0.0074 0.4005 1.0000 0.3000 0.5940
0.4844 0.3716 0.0076 0.5958 1.0000 0.3000 0.5940
0.4899 0.3480 0.0060 0.3398 1.0000 0.3000 0.3420
0.4862 0.3434 0.0041 0.4504 1.0000 0.3000 0.3420
0.4782 0.3438 0.0065 0.5730 1.0000 0.3000 0.3420
0.5012 0.1912 0.0078 0.6160 0.6500 0.3000 1.0000
0.4979 0.1790 0.0041 0.5256 0.6500 0.3000 1.0000
0.4989 0.1723 0.0063 0.5900 0.6500 0.3000 1.0000
0.5093 0.1980 0.0042 0.6385 0.9020 0.3000 1.0000
0.5195 0.1960 0.0046 0.6103 0.9020 0.3000 1.0000
0.5240 0.1894 0.0072 0.6824 0.9020 0.3000 1.0000
0.5034 0.2077 0.0053 0.6267 1.0000 0.3000 0.8460
0.5101 0.2123 0.0079 0.5853 1.0000 0.3000 0.8460
0.5170 0.2227 0.0065 0.4224 1.0000 0.3000 0.8460
0.4941 0.2055 0.0044 0.4526 1.0000 0.3000 0.5940
0.4894 0.2148 0.0043 0.4389 1.0000 0.3000 0.5940
0.4881 0.2223 0.0077 0.6255 1.0000 0.3000 0.5940
0.4903 0.1992 0.0046 0.6563 1.0000 0.3000 0.3420
0.4881 0.1913 0.0064 0.6410 1.0000 0.3000 0.3420
0.4765 0.1898 0.0065 0.5514 1.0000 0.3000 0.3420
0.5800 0.3640 0.0058 0.4565 1.0000 0.3000 1.0000
0.5838 0.3559 0.0072 0.4452 1.0000 0.3000 1.0000
0.5860 0.3485 0.0064 0.3703 1.0000 0.3000 1.0000
0.5845 0.3765 0.0076 0.6666 1.0000 0.3000 0.7480
0.5946 0.3758 0.0067 0.4434 1.0000 0.3000 0.7480
0.5991 0.3744 0.0066 0.5313 1.0000 0.3000 0.7480
0.5752 0.3812 0.0068 0.4117 1.0000 0.3000 0.4960
0.5755 0.3838 0.0068 0.6717 1.0000 0.3000 0.4960
0.5737 0.3964 0.0058 0.6712 1.0000 0.3000 0.4960
0.5661 0.3708 0.0043 0.4407 1.0000 0.3560 0.3000
0.5608 0.3746 0.0068 0.5934 1.0000 0.3560 0.3000
0.5535 0.3805 0.0079 0.3609 1.0000 0.3560 0.3000
0.5698 0.3624 0.0060 0.5111 1.0000 0.6080 0.3000
0.5624 0.3574 0.0050 0.4507 1.0000 0.6080 0.3000
0.5572 0.3520 0.0080 0.5068 1.0000 0.6080 0.3000
0.6573 0.2308 0.0045 0.6117 1.0000 0.3000 1.0000
0.6590 0.2260 0.0056 0.5075 1.0000 0.3000 1.0000
0.6655 0.2177 0.0071 0.3914 1.0000 0.3000 1.0000
0.6599 0.2372 0.0069 0.3798 1.0000 0.3000 0.7480
0.6674 0.2400 0.0079 0.3071 1.0000 0.3000 0.7480
0.6775 0.2407 0.0042 0.3509 1.0000 0.3000 0.7480
0.6527 0.2510 0.0056 0.4979 1.0000 0.3000 0.4960
0.6492 0.2546 0.0046 0.4286 1.0000 0.3000 0.4960
0.6515 0.2657 0.0071 0.6968 1.0000 0.3000 0.4960
0.6364 0.2452 0.0063 0.5583 1.0000 0.3560 0.3000
0.6336 0.2479 0.0040 0.3093 1.0000 0.3560 0.3000
0.6263 0.2504 0.0047 0.4547 1.0000 0.3560 0.3000
0.6417 0.2349 0.0063 0.5369 1.0000 0.6080 0.3000
0.6380 0.2292 0.0066 0.4013 1.0000 0.6080 0.3000
0.6284 0.2175 0.0067 0.6553 1.0000 0.6080 0.3000
0.6374 0.4194 0.0063 0.4197 1.0000 0.3000 0.6500
0.6452 0.4177 0.0058 0.5042 1.0000 0.3000 0.6500
0.6536 0.4108 0.0052 0.5922 1.0000 0.3000 0.6500
0.6354 0.4329 0.0071 0.5936 1.0000 0.3000 0.3980
0.6414 0.4363 0.0048 0.5401 1.0000 0.3000 0.3980
0.6479 0.4418 0.0045 0.5529 1.0000 0.3000 0.3980
0.6232 0.4343 0.0042 0.6122 1.0000 0.4540 0.3000
0.6193 0.4434 0.0079 0.3314 1.0000 0.4540 0.3000
0.6162 0.4507 0.0073 0.5757 1.0000 0.4540 0.3000
0.6188 0.4281 0.0056 0.6575 1.0000 0.7060 0.3000
0.6121 0.4282 0.0045 0.4767 1.0000 0.7060 0.3000
0.6062 0.4272 0.0077 0.6662 1.0000 0.7060 0.3000
0.6262 0.4151 0.0072 0.5262 1.0000 0.9580 0.3000
0.6259 0.4091 0.0079 0.6844 1.0000 0.9580 0.3000
0.6219 0.4009 0.0062 0.6861 1.0000 0.9580 0.3000
0.7667 0.3427 0.0072 0.5497 1.0000 0.3000 0.6500
0.7745 0.3411 0.0071 0.4201 1.0000 0.3000 0.6500
0.7815 0.3358 0.0052 0.6869 1.0000 0.3000 0.6500
0.7673 0.3514 0.0069 0.4831 1.0000 0.3000 0.3980
0.7732 0.3609 0.0067 0.4233 1.0000 0.3000 0.3980
0.7802 0.3689 0.0050 0.6899 1.0000 0.3000 0.3980
0.7546 0.3571 0.0078 0.3019 1.0000 0.4540 0.3000
0.7504 0.3696 0.0069 0.6250 1.0000 0.4540 0.3000
0.7505 0.3762 0.0054 0.4092 1.0000 0.4540 0.3000
0.7500 0.3493 0.0060 0.4402 1.0000 0.7060 0.3000
0.7423 0.3495 0.0072 0.4628 1.0000 0.7060 0.3000
0.7309 0.3480 0.0066 0.3233 1.0000 0.7060 0.3000
0.7592 0.3397 0.0048 0.5707 1.0000 0.9580 0.3000
0.7600 0.3310 0.0062 0.3085 1.0000 0.9580 0.3000
0.7572 0.3252 0.0043 0.3282 1.0000 0.9580 0.3000
0.4912 0.5108 0.0075 0.6058 1.0000 0.9500 0.7000
0.5051 0.4798 0.0061 0.4861 1.0000 0.9500 0.7000
0.4922 0.4682 0.0078 0.5831 1.0000 0.9500 0.7000
0.5056 0.4972 0.0114 0.4392 1.0000 0.9500 0.7000
0.5371 0.4927 0.0072 0.7335 1.0000 0.9500 0.7000
0.4849 0.4985 0.0053 0.6438 1.0000 0.9500 0.7000
0.5071 0.5027 0.0052 0.6676 1.0000 0.9500 0.7000
0.4763 0.4764 0.0145 0.8896 1.0000 0.9500 0.7000
0.4845 0.4973 0.0147 0.4210 1.0000 0.9500 0.7000
0.5004 0.4988 0.0108 0.7931 1.0000 0.9500 0.7000
0.4978 0.5085 0.0130 0.6419 1.0000 0.9500 0.7000
0.4904 0.4852 0.0097 0.8125 1.0000 0.9500 0.7000
0.4800 0.4957 0.0054 0.8562 1.0000 0.9500 0.7000
0.4806 0.4814 0.0101 0.5021 1.0000 0.9500 0.7000
0.4915 0.4984 0.0097 0.6609 1.0000 0.9500 0.7000
0.5102 0.5087 0.0148 0.5352 1.0000 0.9500 0.7000
0.4915 0.5247 0.0141 0.5088 1.0000 0.9500 0.7000
0.5136 0.5060 0.0095 0.8317 1.0000 0.9500 0.7000
0.5010 0.5052 0.0127 0.7589 1.0000 0.9500 0.7000
0.5157 0.4983 0.0120 0.5824 1.0000 0.9500 0.7000
0.1126 0.1523 0.0262 0.0072 0.8213 0.2478 0.6485 0.5480 0.8948
0.1421 0.0855 0.0123 0.0075 1.1113 0.2253 0.6966 0.6906 0.8956
0.0901 0.0523 0.0187 0.0048 0.9400 0.4259 0.5376 0.6691 0.9558
0.1895 0.1366 0.0181 0.0067 1.0538 0.2595 0.8440 0.3991 0.9483
0.1291 0.0739 0.0199 0.0040 0.8107 0.3690 0.8612 0.6375 0.9442
0.0805 0.0701 0.0126 0.0035 0.7528 0.3077 0.8731 0.2405 0.9598
0.1732 0.1100 0.0130 0.0069 0.8409 0.3538 0.6768 0.6591 0.8978
0.1280 0.1269 0.0249 0.0058 1.0484 0.4744 0.8253 0.5304 0.9488
0.0603 0.1303 0.0140 0.0032 1.1249 0.2126 0.7693 0.5905 0.9383
0.0953 0.0774 0.0299 0.0034 0.6867 0.2348 0.6193 0.4617 0.8315
0.0855 0.1263 0.0245 0.0071 0.7807 0.4815 0.5785 0.3605 0.9530
0.1293 0.1417 0.0263 0.0057 0.8172 0.2614 0.7821 0.7678 0.8556
0.8966 0.0998 0.0287 0.0039 2.1741 0.3870 0.6279 0.6076 0.8005
0.8612 0.0554 0.0120 0.0066 2.1594 0.3226 0.7327 0.5212 0.8969
0.8433 0.0671 0.0147 0.0067 2.3003 0.2177 0.6953 0.4338 0.8840
0.8940 0.0650 0.0139 0.0046 2.4435 0.2691 0.6237 0.4970 0.8944
0.8994 0.1253 0.0131 0.0031 2.1007 0.4084 0.7071 0.3590 0.8665
0.9684 0.0797 0.0100 0.0066 2.4158 0.3051 0.6016 0.6575 0.8870
0.9280 0.0990 0.0245 0.0058 2.5242 0.2506 0.5952 0.5731 0.9625
0.8846 0.1004 0.0132 0.0063 2.2112 0.2243 0.7634 0.4155 0.9664
0.9206 0.1356 0.0274 0.0054 2.3572 0.2802 0.8800 0.5497 1.0000
0.9243 0.1125 0.0269 0.0032 2.4904 0.3428 0.7110 0.5010 0.8508
0.8224 0.1322 0.0128 0.0037 2.5448 0.3591 0.6627 0.2798 0.8723
0.9285 0.0685 0.0152 0.0050 2.6115 0.2489 0.6637 0.6188 0.8569
0.0620 0.9085 0.0202 0.0045 -0.1484 0.2550 0.6169 0.4725 0.8238
0.0638 0.9087 0.0280 0.0036 -0.8966 0.4610 0.7637 0.4324 0.9240
0.1122 0.9428 0.0105 0.0039 -0.5150 0.3384 0.7802 0.5072 0.9002
0.1889 0.9423 0.0287 0.0031 -0.6691 0.3636 0.7038 0.3862 0.8400
0.0330 0.8463 0.0271 0.0068 -0.3766 0.2792 0.6634 0.3636 0.9688
0.0247 0.9264 0.0141 0.0034 -0.6997 0.4287 0.5360 0.5558 0.8461
0.0825 0.8637 0.0286 0.0077 -1.0029 0.2988 0.7001 0.5253 0.9344
0.1070 0.9074 0.0245 0.0075 -0.7448 0.2791 0.6839 0.4378 0.9489
0.0489 0.8758 0.0292 0.0065 -0.5674 0.4828 0.7379 0.3633 0.9210
0.0972 0.8872 0.0160 0.0058 -0.7324 0.4745 0.7595 0.3671 0.8378
0.0377 0.8715 0.0223 0.0048 -0.5905 0.2518 0.6633 0.4623 0.8468
0.0201 0.8154 0.0184 0.0042 -0.6105 0.2734 0.5366 0.4673 0.8711
0.8845 0.9322 0.0276 0.0064 -2.3010 0.2493 0.7787 0.4949 0.8755
0.9145 0.9357 0.0194 0.0052 -1.8769 0.2276 0.6621 0.3225 0.9047
0.8761 0.9572 0.0215 0.0064 -2.5410 0.2559 0.8412 0.5909 0.9157
0.9317 0.9268 0.0294 0.0066 -2.0810 0.3980 0.7312 0.6607 0.8706
0.8972 0.8475 0.0147 0.0051 -2.3270 0.2833 0.7263 0.3579 0.8636
0.9253 0.8771 0.0152 0.0047 -2.3610 0.3744 0.6447 0.4788 0.8743
0.8743 0.9244 0.0101 0.0066 -2.2755 0.4793 0.5438 0.3590 0.9256
0.8384 0.9209 0.0132 0.0049 -2.2039 0.2027 0.6657 0.3673 0.8346
0.8840 0.9127 0.0243 0.0068 -2.3434 0.3048 0.7484 0.5885 0.8437
0.8433 0.9573 0.0147 0.0068 -2.3711 0.2342 0.7250 0.4925 0.9040
0.9173 0.8738 0.0189 0.0041 -2.3315 0.4830 0.7323 0.3509 0.9319
0.9042 0.8823 0.0204 0.0053 -2.7854 0.4499 0.6627 0.5273 0.9391
