# T1: Deep nebula with 300 Gaussians
# 4 layers: diffuse bg + nebula clouds + medium detail + bright stars
# Format: x y sigma alpha r g b

0.1191 0.5025 0.1312 0.0716 0.2308 0.1670 0.6404
0.5566 0.7834 0.1348 0.0638 0.4304 0.3253 0.6346
0.2399 0.6142 0.0911 0.0690 0.3349 0.3444 0.6741
0.6794 0.2102 0.1052 0.0788 0.4788 0.3415 0.7999
0.5136 0.0763 0.1140 0.0534 0.2876 0.2372 0.7506
0.7040 0.5774 0.0825 0.0627 0.3091 0.2267 0.5595
0.5857 0.4985 0.0916 0.0504 0.4250 0.2800 0.5964
0.9168 0.2586 0.1220 0.0756 0.3438 0.2554 0.4102
0.2245 0.1290 0.0849 0.0623 0.4660 0.1308 0.6489
0.4700 0.4821 0.1029 0.0732 0.3880 0.2370 0.5878
0.9295 0.9872 0.1346 0.0536 0.4009 0.1923 0.7199
0.5019 0.4789 0.1684 0.0460 0.2883 0.1807 0.4132
0.6556 0.5973 0.1258 0.0514 0.3469 0.3765 0.5040
0.4856 0.5113 0.1626 0.0685 0.3674 0.3722 0.7326
0.3167 0.9168 0.0898 0.0614 0.4355 0.2546 0.5812
0.9653 0.9673 0.1642 0.0487 0.2193 0.1799 0.5994
0.0967 0.7476 0.1211 0.0470 0.2042 0.1001 0.6323
0.9322 0.0831 0.1594 0.0349 0.3863 0.3256 0.7825
0.6685 0.6354 0.0955 0.0388 0.3749 0.3309 0.7800
0.4920 0.7205 0.0935 0.0334 0.3764 0.3875 0.7504
0.5047 0.0844 0.1469 0.0761 0.4350 0.3745 0.5224
0.4120 0.8080 0.1320 0.0318 0.2042 0.1318 0.7551
0.0514 0.3470 0.1153 0.0662 0.2077 0.2531 0.5311
0.3037 0.3260 0.0921 0.0769 0.3715 0.3415 0.4616
0.5196 0.4336 0.1136 0.0559 0.4035 0.1209 0.5597
0.1955 0.9215 0.0845 0.0527 0.4517 0.2355 0.7019
0.1885 0.7109 0.1678 0.0277 0.3590 0.3356 0.6067
0.9566 0.1604 0.1644 0.0434 0.3276 0.2242 0.4315
0.3049 0.3441 0.1063 0.0499 0.4341 0.2247 0.5871
0.3258 0.4821 0.0920 0.0678 0.4390 0.3448 0.7391
0.2313 0.9537 0.1679 0.0587 0.3224 0.3350 0.7398
0.6704 0.9612 0.1152 0.0294 0.3686 0.2717 0.6154
0.1097 0.7160 0.1356 0.0541 0.2643 0.1884 0.5072
0.5557 0.1015 0.1064 0.0773 0.2514 0.3054 0.7036
0.7224 0.1855 0.1430 0.0504 0.2830 0.3512 0.5164
0.3146 0.2609 0.0863 0.0447 0.4694 0.3330 0.5658
0.0154 0.0964 0.0823 0.0274 0.4057 0.2729 0.7744
0.3503 0.7798 0.1407 0.0593 0.3845 0.3774 0.5264
0.2156 0.4627 0.1779 0.0727 0.4059 0.3584 0.6726
0.9237 0.3890 0.1747 0.0414 0.4206 0.2310 0.4095
0.5828 0.4692 0.0448 0.1392 0.8126 0.2527 0.5183
0.7892 0.2987 0.0359 0.0839 0.3291 0.8420 0.5407
0.3759 0.5469 0.0489 0.2076 0.4825 0.2050 0.7585
0.9087 0.5273 0.0745 0.2095 0.2570 0.2330 0.8937
0.5792 0.2831 0.0720 0.1651 0.2522 0.7061 0.6729
0.2876 0.2848 0.0535 0.2443 0.5282 0.4218 0.8697
0.6040 0.5735 0.0472 0.0982 0.2878 0.6873 0.6934
0.6154 0.5625 0.0377 0.2298 0.3941 0.8005 0.6607
0.2596 0.5614 0.0573 0.1104 0.9496 0.1555 0.4151
0.5300 0.5226 0.0490 0.2430 0.5395 0.1815 0.7926
0.4414 0.3808 0.0669 0.1858 0.2987 0.2379 0.9123
0.5991 0.3888 0.0724 0.1831 0.8567 0.5817 0.3829
0.7862 0.4271 0.0457 0.0875 0.9162 0.3045 0.6147
0.7304 0.0708 0.0484 0.1011 0.4298 0.2244 0.7819
0.1961 0.3236 0.0491 0.1772 0.7543 0.4228 0.3863
0.7026 0.7131 0.0759 0.1256 0.8837 0.1764 0.4984
0.4788 0.4760 0.0463 0.1562 0.2468 0.8194 0.6471
0.4233 0.6428 0.0410 0.1909 0.3776 0.6550 0.6995
0.6361 0.3471 0.0516 0.1225 0.7460 0.4024 0.4833
0.1862 0.5735 0.0786 0.1666 0.7304 0.3223 0.5400
0.7359 0.6259 0.0468 0.1890 1.0000 0.6042 0.4358
0.7163 0.4559 0.0476 0.1228 0.9673 0.3532 0.3177
0.6345 0.7155 0.0716 0.2124 0.8516 0.3612 0.2160
0.1095 0.3576 0.0309 0.0998 0.9045 0.5368 0.2608
0.6339 0.1603 0.0791 0.0896 0.5329 0.2119 0.9519
0.6291 0.4447 0.0354 0.1115 0.7633 0.5151 0.3040
0.6287 0.5808 0.0472 0.1204 0.8266 0.6150 0.4017
0.2503 0.5496 0.0704 0.1082 0.8096 0.4321 0.4027
0.4340 0.7494 0.0731 0.1979 0.4443 0.7349 0.7059
0.5567 0.5212 0.0480 0.0748 0.4778 0.4392 1.0000
0.5539 0.2848 0.0763 0.2461 0.7891 0.2129 0.5024
0.7724 0.6590 0.0688 0.1961 0.4177 0.4022 0.8477
0.5386 0.4041 0.0376 0.1647 0.4686 0.1894 0.9948
0.4580 0.2045 0.0440 0.1169 0.2918 0.4389 0.9579
0.2071 0.3204 0.0676 0.1892 0.9424 0.4969 0.3138
0.2436 0.4370 0.0533 0.2020 0.5200 0.1937 0.9025
0.5668 0.6025 0.0464 0.0653 0.5107 0.1770 0.9490
0.3458 0.2364 0.0631 0.1540 0.1976 0.8476 0.5766
0.3621 0.3288 0.0784 0.1796 1.0000 0.5177 0.2945
0.2949 0.2406 0.0477 0.1890 0.2845 0.2111 0.8801
0.8918 0.6608 0.0444 0.1294 0.7930 0.2881 0.4319
0.4185 0.3049 0.0580 0.2442 0.8632 0.5399 0.1645
0.6358 0.5065 0.0784 0.0750 0.8538 0.5978 0.3076
0.9595 0.5273 0.0319 0.1721 0.8083 0.2857 0.3826
0.8178 0.3112 0.0570 0.0891 0.1903 0.5815 0.4776
0.7184 0.2823 0.0674 0.0735 0.8697 0.4070 0.4505
0.2406 0.7268 0.0658 0.1490 0.3700 0.3042 1.0000
0.6098 0.3233 0.0519 0.2061 0.9272 0.4949 0.1549
0.2704 0.6209 0.0692 0.1160 0.2302 0.6795 0.6706
0.1168 0.4928 0.0777 0.0832 0.3918 0.7260 0.6164
0.4397 0.3326 0.0703 0.1390 0.7233 0.1653 0.5755
0.0200 0.2591 0.0428 0.2380 0.7156 0.4026 0.5909
0.8221 0.3869 0.0478 0.2277 1.0000 0.5046 0.4302
0.0662 0.0411 0.0446 0.0920 0.7337 0.1522 0.5353
0.1856 0.3166 0.0574 0.1582 0.3986 0.1660 0.8556
0.6498 0.3320 0.0308 0.1333 0.7823 0.3368 0.4015
0.1343 0.5483 0.0500 0.2469 0.3904 0.1557 0.7723
0.4927 0.2815 0.0711 0.1501 0.4560 0.2467 0.8985
0.4772 0.4685 0.0783 0.1546 0.9513 0.4516 0.4328
0.2907 0.4397 0.0419 0.1317 0.5330 0.3284 0.9229
0.8063 0.4797 0.0786 0.1251 0.4643 0.3270 0.8228
0.5003 0.5293 0.0357 0.0842 0.1943 0.8321 0.4561
0.6758 0.3658 0.0522 0.0831 0.4996 0.2832 0.7705
0.6543 0.5627 0.0664 0.2179 0.2838 0.7366 0.5908
0.5288 0.2494 0.0402 0.2479 0.3638 0.7780 0.5710
0.6539 0.2379 0.0415 0.0844 0.3434 0.6684 0.6349
0.6587 0.5216 0.0647 0.1261 0.8228 0.5026 0.1612
0.7574 0.5096 0.0635 0.0838 0.9409 0.5543 0.3336
0.8969 0.6364 0.0581 0.2189 0.5452 0.3388 0.9105
0.6508 0.7730 0.0716 0.1266 0.9077 0.3540 0.3077
0.2643 0.1166 0.0580 0.1318 0.6821 0.2146 0.4972
0.2288 0.6373 0.0557 0.1311 0.9446 0.1851 0.4693
0.3287 0.1984 0.0508 0.1210 0.6790 0.1699 0.4525
0.1496 0.3301 0.0713 0.0962 0.8523 0.4043 0.1760
0.3993 0.4085 0.0759 0.1646 0.9761 0.3893 0.1562
0.0898 0.7723 0.0549 0.1453 0.3742 0.8493 0.5723
0.4267 0.2288 0.0512 0.1265 0.2533 0.1925 0.9319
0.4862 0.5155 0.0647 0.1293 0.7731 0.3401 0.5234
0.6859 0.7261 0.0417 0.2167 0.4083 0.2259 0.9167
0.3776 0.5830 0.0404 0.2372 0.7989 0.5944 0.2427
0.2889 0.1493 0.0290 0.1006 0.4387 0.6165 0.7880
0.7052 0.9141 0.0154 0.2009 0.7529 0.6286 0.7261
0.6581 0.9281 0.0363 0.3978 0.8290 0.5170 0.5271
0.3897 0.0630 0.0220 0.3206 0.8546 0.7476 0.3070
0.4220 0.0896 0.0126 0.3127 0.6783 0.5813 0.3383
0.7427 0.4386 0.0228 0.3743 0.9668 0.3802 0.4444
0.1019 0.2560 0.0134 0.2101 0.9086 0.6332 0.6193
0.6583 0.5329 0.0297 0.1163 0.3889 0.8119 0.4606
0.6753 0.1101 0.0149 0.3378 0.9992 0.8121 0.8045
0.0831 0.4467 0.0354 0.3207 0.8295 0.8035 0.5863
0.3839 0.6588 0.0342 0.1571 0.3357 0.4181 0.4872
0.8876 0.5326 0.0290 0.3148 0.3480 0.8760 0.5888
0.4802 0.6220 0.0161 0.1003 0.8448 0.2662 0.3901
0.2225 0.9170 0.0249 0.2864 0.4439 0.3115 0.8609
0.3156 0.8479 0.0174 0.2158 0.5516 0.8770 0.9002
0.0590 0.5693 0.0146 0.2657 0.4361 0.3793 0.5125
0.5560 0.7917 0.0140 0.1675 0.6908 0.7506 0.9086
0.2037 0.2248 0.0191 0.1359 0.4760 0.6527 0.5542
0.2189 0.2102 0.0221 0.1194 0.7478 0.2947 0.9949
0.7685 0.7684 0.0134 0.2666 0.8933 0.3584 0.4932
0.6216 0.0806 0.0206 0.1805 0.5748 0.7529 0.9802
0.1430 0.3262 0.0192 0.3034 0.5901 0.5351 0.4988
0.1679 0.8975 0.0375 0.1142 0.3476 0.7295 0.3631
0.2313 0.2323 0.0271 0.1090 0.5206 0.2194 0.8886
0.1344 0.4990 0.0266 0.2236 0.5340 0.7221 0.4532
0.3721 0.6585 0.0321 0.3809 0.6420 0.5003 0.7377
0.3580 0.3768 0.0272 0.1762 0.7438 0.4411 0.5818
0.8241 0.1228 0.0301 0.3274 0.3146 0.5260 0.7775
0.6286 0.0856 0.0161 0.2979 0.5824 0.6996 0.7518
0.3703 0.1595 0.0153 0.2268 0.7517 0.3948 0.4494
0.9096 0.0581 0.0131 0.3912 0.6322 0.3209 0.9315
0.9009 0.1690 0.0176 0.2806 0.4256 0.7257 0.5003
0.7890 0.5506 0.0176 0.2190 0.8945 0.8119 0.7256
0.7146 0.5656 0.0317 0.2469 0.8406 0.8849 0.4671
0.8485 0.7163 0.0340 0.2650 0.8991 0.7178 0.4306
0.4640 0.2486 0.0337 0.3792 0.7356 0.5266 0.6183
0.9010 0.8190 0.0322 0.3470 0.7858 0.6416 0.4931
0.8505 0.4679 0.0315 0.1202 0.5713 0.5677 0.6020
0.3330 0.1324 0.0316 0.1840 0.7940 0.5651 0.3907
0.9036 0.7789 0.0376 0.3848 0.4857 0.6714 0.3095
0.3050 0.2032 0.0380 0.3329 0.4949 0.8887 0.8254
0.9452 0.1169 0.0274 0.1798 0.4865 0.2055 0.5736
0.1336 0.3832 0.0331 0.3071 0.8170 0.2003 0.3383
0.0643 0.6945 0.0295 0.2904 0.3131 0.5427 0.8386
0.5840 0.1474 0.0335 0.1596 0.8625 0.3091 0.4406
0.2470 0.3860 0.0129 0.1109 0.6677 0.5525 0.6142
0.5262 0.7420 0.0371 0.3899 0.5799 0.2543 0.3736
0.4106 0.3699 0.0142 0.1557 0.4717 0.3682 0.3273
0.8147 0.0550 0.0178 0.3849 0.5165 0.4730 0.8286
0.9177 0.8382 0.0258 0.2012 0.5460 0.7700 0.4714
0.0904 0.8505 0.0159 0.2321 0.6578 0.2655 0.4048
0.5921 0.7811 0.0253 0.3597 0.8507 0.6225 0.4213
0.6896 0.2026 0.0287 0.2525 0.8143 0.8277 0.4377
0.1053 0.1660 0.0256 0.3583 0.6585 0.2861 0.6906
0.1580 0.7814 0.0361 0.2783 0.3743 0.4044 0.6423
0.0708 0.4123 0.0351 0.1942 0.6814 0.4199 0.5962
0.9213 0.2568 0.0212 0.2184 0.5904 0.7871 0.4026
0.8632 0.3349 0.0250 0.1764 0.8074 0.2967 0.3831
0.8547 0.8543 0.0397 0.3119 0.5632 0.3569 0.9905
0.9471 0.4060 0.0162 0.3435 0.7008 0.8953 0.9011
0.7634 0.2064 0.0268 0.3680 0.9561 0.6929 0.5171
0.6182 0.0743 0.0202 0.2210 0.6651 0.8614 0.7846
0.0727 0.8411 0.0343 0.2901 0.5554 0.4675 0.9139
0.6325 0.5382 0.0266 0.3012 0.6148 0.4090 0.5190
0.4663 0.5324 0.0350 0.1700 0.8248 0.3002 0.9062
0.3957 0.3780 0.0328 0.3188 0.4362 0.6517 0.6682
0.7919 0.1762 0.0251 0.3085 0.7501 0.2935 0.7818
0.5793 0.6158 0.0169 0.1571 0.9726 0.4811 0.6192
0.0679 0.1653 0.0272 0.3988 0.7828 0.4748 0.9309
0.2341 0.2493 0.0257 0.3330 0.9097 0.8019 0.3238
0.2312 0.8989 0.0221 0.1157 0.7923 0.7624 0.6051
0.8399 0.6973 0.0391 0.3174 0.9429 0.7348 0.3508
0.6302 0.2021 0.0374 0.1810 0.4648 0.4561 0.5924
0.5485 0.0818 0.0362 0.2966 0.9865 0.2112 0.3737
0.2783 0.1475 0.0141 0.1583 0.7392 0.2175 0.4239
0.0516 0.1479 0.0356 0.1006 0.9845 0.2825 0.4907
0.8571 0.5911 0.0190 0.1350 0.6572 0.3479 0.3812
0.0658 0.5258 0.0347 0.3973 0.5819 0.6456 0.8783
0.3875 0.1689 0.0152 0.3160 0.4293 0.8591 0.7913
0.7723 0.8473 0.0314 0.1614 0.8552 0.8572 0.6726
0.4870 0.0915 0.0320 0.2079 0.9364 0.4003 0.5712
0.6691 0.3082 0.0163 0.1421 0.6131 0.3883 0.9308
0.6216 0.1910 0.0346 0.3546 0.9198 0.4173 0.8124
0.4501 0.4110 0.0197 0.3987 0.8239 0.2617 0.7292
0.4021 0.0963 0.0221 0.1063 0.7022 0.4552 0.6174
0.5638 0.0933 0.0240 0.3088 0.4598 0.5562 0.9486
0.8121 0.5914 0.0229 0.3533 0.6252 0.2071 0.8297
0.5903 0.3032 0.0200 0.3486 0.5136 0.7710 0.9143
0.4636 0.0740 0.0237 0.1732 0.8983 0.2892 0.5946
0.9407 0.8763 0.0254 0.2166 0.7149 0.4673 0.3558
0.7041 0.5416 0.0260 0.2572 0.3311 0.8623 0.4742
0.4377 0.7754 0.0129 0.2878 0.9200 0.4869 0.5326
0.7034 0.9463 0.0293 0.1265 0.3047 0.7449 0.6623
0.7572 0.4168 0.0126 0.1528 0.6566 0.2894 0.8994
0.8175 0.0652 0.0144 0.3762 0.5970 0.6316 0.9921
0.5192 0.3312 0.0397 0.2549 0.3358 0.4655 0.9829
0.1879 0.8193 0.0181 0.3543 0.8434 0.3912 0.9542
0.3964 0.2390 0.0296 0.1339 0.7893 0.8320 0.6134
0.1925 0.3079 0.0316 0.3503 0.4511 0.8962 0.9964
0.3195 0.6281 0.0289 0.2973 0.6075 0.6491 0.9033
0.0806 0.9039 0.0103 0.8589 0.9073 0.8459 0.6411
0.5097 0.9272 0.0057 0.8951 0.8179 0.9053 0.9962
0.1340 0.8630 0.0070 0.9180 0.9665 0.8787 0.6340
0.6328 0.7568 0.0081 0.7771 0.9294 0.7673 0.6914
0.4960 0.5009 0.0092 0.7194 0.8593 0.8301 0.9860
0.0532 0.4301 0.0119 0.6416 0.6141 0.7586 0.9612
0.7452 0.4144 0.0131 0.7577 0.7678 0.8066 0.9329
0.7519 0.0642 0.0090 0.6208 0.8230 0.8569 0.9117
0.0207 0.2188 0.0066 0.8598 0.8085 0.9531 0.9029
0.7033 0.2103 0.0091 0.8280 0.9332 0.8286 0.6405
0.6167 0.0819 0.0149 0.5317 0.9708 0.8817 0.5675
0.8865 0.2943 0.0069 0.6705 0.9985 0.9875 0.9349
0.6625 0.6135 0.0110 0.8408 0.9172 0.7581 0.6714
0.0575 0.6225 0.0129 0.5739 0.6133 0.8282 0.9624
0.8835 0.0767 0.0104 0.6490 0.7580 0.7358 0.9486
0.2411 0.6369 0.0111 0.8409 0.9708 0.8192 0.9525
0.8781 0.2970 0.0070 0.6366 0.7017 0.7667 0.9267
0.6021 0.0634 0.0082 0.6644 0.7829 0.8498 0.9774
0.7449 0.1940 0.0070 0.9415 0.9988 0.9608 0.9422
0.2258 0.0478 0.0078 0.5366 0.9584 0.8046 0.9586
0.2952 0.4178 0.0082 0.7796 0.7293 0.8313 0.9246
0.4676 0.9336 0.0049 0.6230 0.6984 0.7920 0.9444
0.2067 0.8729 0.0101 0.7896 0.6145 0.7022 0.9741
0.8447 0.2808 0.0097 0.8718 0.6461 0.8975 0.9253
0.9605 0.8191 0.0108 0.6413 0.6209 0.7541 0.9820
0.6784 0.8083 0.0145 0.8286 0.6221 0.7121 0.9446
0.7526 0.3870 0.0098 0.9135 0.9690 0.8395 0.5799
0.0946 0.8520 0.0149 0.9034 0.9500 0.7537 0.5674
0.6623 0.3389 0.0101 0.8639 0.7781 0.7932 0.9615
0.6696 0.5332 0.0131 0.6705 0.9023 0.9143 0.9587
0.4065 0.6600 0.0094 0.7063 0.7295 0.7633 0.9339
0.4318 0.7381 0.0080 0.8430 0.6382 0.8690 0.9889
0.6928 0.8931 0.0121 0.7882 0.9081 0.9447 0.9502
0.2004 0.3961 0.0061 0.8498 0.6911 0.7978 0.9260
0.8821 0.2113 0.0110 0.5189 0.9013 0.8134 0.5886
0.8201 0.6124 0.0062 0.6470 0.8626 0.8085 0.9815
0.4683 0.9576 0.0128 0.8123 0.9174 0.8059 0.9976
0.8478 0.5791 0.0103 0.9138 0.9735 0.8062 0.5281
0.1054 0.4827 0.0141 0.6415 0.9731 0.7423 0.6719
0.1339 0.5721 0.0095 0.7315 0.9405 0.8544 0.6573
0.9679 0.4837 0.0074 0.7104 0.9091 0.8938 0.5541
0.1505 0.9668 0.0124 0.7477 0.6957 0.7453 0.9728
0.2798 0.8596 0.0127 0.6331 0.7143 0.7832 0.9173
0.1734 0.9491 0.0138 0.5924 0.9300 0.7423 0.5674
0.1095 0.7791 0.0139 0.5930 0.9275 0.9392 0.9965
0.7855 0.2912 0.0123 0.6315 0.6653 0.8074 0.9395
0.8363 0.4725 0.0148 0.6636 0.6048 0.8441 0.9298
0.1570 0.3741 0.0048 0.8699 0.7770 0.7776 0.9394
0.8066 0.9639 0.0077 0.6059 0.7494 0.8841 0.9177
0.7971 0.0665 0.0118 0.5658 0.6796 0.8482 0.9305
0.0389 0.3520 0.0147 0.7836 0.9018 0.8689 0.5072
0.0855 0.8107 0.0076 0.6642 0.9532 0.9404 0.9206
0.2767 0.5348 0.0143 0.5217 0.6298 0.8435 0.9256
0.7923 0.5187 0.0097 0.5989 0.8535 0.8001 0.9992
0.8312 0.5885 0.0126 0.8121 0.9617 0.7286 0.5882
0.3320 0.8586 0.0074 0.8758 0.6567 0.7538 0.9661
0.0966 0.9416 0.0102 0.9051 0.7747 0.8242 0.9190
0.6044 0.1792 0.0139 0.9263 0.9045 0.8482 0.6422
0.1076 0.2030 0.0101 0.5952 0.6895 0.7286 0.9912
0.5101 0.3233 0.0097 0.6832 0.9511 0.9954 0.9804
0.5524 0.7639 0.0135 0.7130 0.9342 0.8162 0.6115
0.9203 0.1973 0.0078 0.6467 0.9036 0.8477 0.5384
0.5007 0.5663 0.0099 0.9327 0.8452 0.8842 0.9820
0.3341 0.4938 0.0147 0.6895 0.8022 0.8412 0.9046
0.6859 0.1184 0.0057 0.5401 0.6272 0.7671 0.9984
0.9450 0.1641 0.0048 0.9462 0.8798 0.9482 0.9359
0.9480 0.1680 0.0085 0.6636 0.7423 0.8050 0.9508
0.3535 0.7688 0.0125 0.7337 0.7176 0.8470 0.9971
0.4490 0.0557 0.0051 0.9277 0.8998 0.9881 0.9890
0.0652 0.3990 0.0082 0.7173 0.9810 0.9854 0.9595
0.9210 0.2510 0.0087 0.7614 0.6238 0.8472 0.9708
0.6953 0.2016 0.0072 0.5564 0.9969 0.9154 0.9958
0.3837 0.1934 0.0114 0.6114 0.8533 0.8918 0.9101
0.9717 0.4928 0.0113 0.5980 0.9283 0.8335 0.5466
0.9361 0.3936 0.0131 0.5062 0.6610 0.7789 0.9559
0.1084 0.8163 0.0130 0.6057 0.9536 0.8807 0.5638
0.0272 0.7339 0.0110 0.7592 0.8361 0.8830 0.9504
0.0406 0.5019 0.0123 0.6180 0.6401 0.8632 0.9738
0.4561 0.4230 0.0093 0.5404 0.9764 0.7993 0.5318
0.3558 0.3298 0.0147 0.6931 0.9310 0.7997 0.6457
