# T3: Colorful mosaic with 300 Gaussians
# 3 layers: soft background + medium blobs + sharp dots
# Format: x y sigma alpha r g b

0.1834 0.9145 0.0721 0.1102 1.0000 0.8945 0.1613
0.7532 0.7266 0.0884 0.1259 0.3259 0.5505 0.9560
0.1093 0.7303 0.1094 0.1426 0.1941 0.8631 0.1738
0.0550 0.6789 0.0734 0.1389 0.2985 0.5183 0.9269
0.6870 0.7883 0.0687 0.1265 1.0000 0.0950 0.9233
0.2827 0.3833 0.1119 0.1021 0.6375 0.2193 1.0000
0.4478 0.3380 0.0967 0.1915 0.8773 0.2252 0.2159
0.9466 0.5479 0.0927 0.1199 0.0932 1.0000 0.9804
0.5110 0.2902 0.0828 0.1755 0.2333 0.1605 1.0000
0.2151 0.8612 0.0921 0.1834 0.4957 0.0996 0.8877
0.4308 0.8057 0.1177 0.0815 0.0785 0.0837 0.9957
0.0825 0.1886 0.0970 0.1470 0.1142 0.9460 0.1243
0.6762 0.1997 0.1096 0.1797 0.9436 0.9501 0.1673
0.4758 0.5817 0.0686 0.1842 0.2431 1.0000 0.2491
0.0884 0.1492 0.0871 0.1754 0.9584 0.4738 0.6671
0.5151 0.2249 0.0814 0.1856 0.9123 0.1848 0.0636
0.5281 0.1801 0.0678 0.0836 1.0000 0.7474 0.2017
0.4938 0.7000 0.0757 0.1058 0.0525 0.9648 0.2060
0.2241 0.1199 0.0627 0.1849 0.9337 1.0000 0.1090
0.8121 0.2539 0.0892 0.1265 0.8879 0.1620 0.1967
0.8054 0.4470 0.1088 0.1755 0.8888 0.9437 0.2458
0.8084 0.5352 0.0947 0.0800 0.9629 0.4267 0.5547
0.1276 0.1845 0.1158 0.1409 1.0000 0.1764 0.9539
0.2196 0.8891 0.0679 0.0914 0.9360 0.2261 0.9383
0.6666 0.3813 0.0773 0.1250 0.4911 0.2202 1.0000
0.2862 0.6544 0.0684 0.0840 0.4832 0.8545 0.3585
0.3091 0.1004 0.1171 0.1396 0.0683 0.9658 0.2379
0.1131 0.7531 0.1181 0.1179 0.8743 0.1750 0.1121
0.7016 0.4177 0.1188 0.1603 0.9073 0.7186 0.2519
0.3231 0.3588 0.0687 0.1869 0.9730 0.5018 0.1333
0.9308 0.7232 0.0634 0.1692 0.9669 1.0000 0.1369
0.5486 0.8044 0.0926 0.1861 0.1588 0.2260 1.0000
0.7673 0.9260 0.0976 0.1497 0.9589 0.4791 0.5989
0.1007 0.1915 0.1075 0.1199 0.9974 0.9022 0.1797
0.3836 0.4914 0.0832 0.1135 1.0000 0.7507 0.3829
0.7351 0.8880 0.1191 0.1848 0.9694 0.7700 0.3143
0.6647 0.6758 0.0883 0.1012 0.5554 0.1864 1.0000
0.8923 0.2516 0.0691 0.1687 0.4767 0.7234 0.4392
0.7399 0.3638 0.0915 0.1366 0.2338 0.1507 0.8981
0.6900 0.2205 0.1024 0.1243 0.9119 0.8748 0.1920
0.3654 0.6739 0.0379 0.1684 0.0387 0.2961 0.9495
0.8787 0.5759 0.0302 0.3123 0.2141 0.8882 1.0000
0.1829 0.7635 0.0319 0.3343 0.1561 0.9551 0.2593
0.8389 0.0932 0.0221 0.2986 1.0000 0.2538 0.1767
0.7866 0.7081 0.0500 0.2779 0.5444 0.1610 0.8855
0.6853 0.3911 0.0444 0.4523 0.8250 0.1047 0.1741
0.3828 0.7233 0.0359 0.4401 0.1704 0.9893 0.0191
0.1987 0.5886 0.0245 0.4014 0.8290 0.8370 0.0120
0.8206 0.1324 0.0351 0.2969 1.0000 0.6845 0.1656
0.3934 0.2036 0.0415 0.2493 0.8942 0.0237 0.8558
0.4555 0.1778 0.0241 0.5037 0.8409 1.0000 0.0142
0.8339 0.8949 0.0441 0.1563 0.8048 0.1656 1.0000
0.2000 0.1491 0.0360 0.2777 0.4428 0.1761 0.8628
0.1076 0.0971 0.0307 0.1574 0.8814 0.8847 0.2861
0.4901 0.3751 0.0345 0.5084 1.0000 0.0177 0.9146
0.4427 0.0569 0.0326 0.4423 0.8335 0.0136 0.8141
0.3210 0.7965 0.0327 0.3222 0.1891 0.5584 1.0000
0.9213 0.8853 0.0211 0.5224 1.0000 0.2966 0.1328
0.1454 0.7935 0.0467 0.2312 1.0000 0.5206 0.0758
0.2219 0.0607 0.0357 0.3426 0.8894 0.3434 0.5012
0.0899 0.4955 0.0404 0.2357 0.4480 0.7976 0.3259
0.9541 0.2141 0.0446 0.5315 0.9330 1.0000 0.1922
0.8547 0.2327 0.0263 0.2176 0.4427 0.1750 1.0000
0.2012 0.7902 0.0414 0.1892 0.8585 0.0989 0.1486
0.0787 0.2198 0.0293 0.3507 1.0000 0.2896 0.6134
0.0978 0.8035 0.0402 0.4142 0.2864 0.8125 0.8021
0.7300 0.2631 0.0189 0.3743 0.8523 0.4007 0.5387
0.1472 0.9420 0.0227 0.3096 1.0000 1.0000 0.0940
0.1902 0.8842 0.0214 0.3713 0.9756 0.5631 0.2823
0.4755 0.4973 0.0224 0.3089 0.5261 0.1400 0.9117
0.7759 0.6823 0.0360 0.3194 0.5972 0.0810 0.8214
0.7629 0.4763 0.0446 0.4979 1.0000 0.9464 0.3867
0.3610 0.1224 0.0455 0.3010 1.0000 0.7722 0.3783
0.2411 0.6319 0.0491 0.5353 0.0394 0.9717 0.8036
0.9174 0.4476 0.0415 0.5163 1.0000 0.2958 0.5686
0.0662 0.2622 0.0288 0.2566 0.2047 0.8369 0.0220
0.3621 0.4471 0.0445 0.1530 0.9103 0.8886 0.4484
0.8167 0.1139 0.0183 0.1683 0.9111 0.4752 0.7385
0.2486 0.6170 0.0301 0.3408 0.5944 0.2982 0.8789
0.0703 0.1189 0.0333 0.5371 0.3987 0.9128 0.4990
0.5950 0.7750 0.0196 0.4100 1.0000 0.2267 0.8538
0.8885 0.7203 0.0412 0.3994 1.0000 0.5342 0.5802
0.4345 0.3013 0.0318 0.5397 0.1175 0.9641 0.1392
0.7647 0.1477 0.0465 0.3984 0.9074 0.0428 0.0971
0.3492 0.0448 0.0298 0.3857 0.9409 0.8686 0.3619
0.6910 0.3427 0.0477 0.3316 0.2662 1.0000 0.2612
0.4754 0.9311 0.0494 0.2224 1.0000 0.7050 0.4242
0.1448 0.1264 0.0497 0.3068 0.2282 0.5026 0.9799
0.9147 0.5944 0.0417 0.3021 1.0000 0.3254 0.6428
0.8723 0.5704 0.0253 0.2768 0.8914 0.5147 0.6753
0.1147 0.7629 0.0331 0.4970 1.0000 1.0000 0.1863
0.1639 0.3583 0.0389 0.3314 0.5146 0.1113 0.8638
0.7750 0.9050 0.0195 0.4136 0.2123 1.0000 1.0000
0.6710 0.6592 0.0414 0.4396 0.3950 0.7352 1.0000
0.6695 0.4956 0.0432 0.1912 0.9594 0.3726 0.5577
0.8859 0.3684 0.0329 0.1672 0.8459 0.2045 0.2832
0.7085 0.9397 0.0262 0.5247 1.0000 0.0334 1.0000
0.3620 0.9574 0.0262 0.3860 0.8163 0.8577 0.2172
0.6235 0.6519 0.0490 0.2126 1.0000 0.3029 0.6664
0.4033 0.6085 0.0479 0.3363 0.5883 0.1362 1.0000
0.1399 0.2306 0.0295 0.1994 1.0000 0.2816 0.1309
0.9570 0.6270 0.0278 0.3823 0.2815 0.7486 0.4031
0.8505 0.6019 0.0282 0.3722 0.9457 0.9014 0.1361
0.1942 0.7714 0.0454 0.4267 0.8092 0.0326 0.8127
0.1127 0.2061 0.0355 0.4557 0.0331 1.0000 0.0109
0.6585 0.1562 0.0397 0.4001 0.1943 1.0000 0.2098
0.3155 0.7812 0.0454 0.4235 0.1027 0.8562 0.1935
0.4686 0.2959 0.0266 0.2781 1.0000 0.4576 0.6435
0.2692 0.8603 0.0232 0.4393 0.0284 0.2635 0.8885
0.9516 0.8536 0.0492 0.1783 1.0000 0.1245 0.1325
0.1418 0.6408 0.0315 0.4472 0.8162 0.2438 0.9940
0.5806 0.1248 0.0438 0.1956 0.2236 0.1750 0.9948
0.7849 0.6111 0.0486 0.4334 0.2914 0.9017 0.2612
0.2608 0.5470 0.0283 0.4205 0.9528 0.1017 0.1177
0.5952 0.3619 0.0338 0.5470 1.0000 0.8573 0.1593
0.7130 0.8322 0.0201 0.3487 0.3696 0.6366 0.9772
0.8539 0.2467 0.0450 0.2916 0.9019 0.4861 0.1151
0.6448 0.9589 0.0440 0.2813 1.0000 0.1527 0.9716
0.6901 0.1673 0.0295 0.2430 0.0766 0.9497 0.1022
0.9420 0.2525 0.0252 0.3635 0.4859 0.8298 0.4032
0.1041 0.1140 0.0461 0.4015 0.2955 0.9280 0.1092
0.4259 0.5622 0.0348 0.4578 1.0000 0.6807 0.3115
0.5678 0.9363 0.0422 0.2271 0.8115 0.0278 0.9910
0.3036 0.3739 0.0207 0.5368 0.9898 0.5702 0.1644
0.3420 0.0308 0.0379 0.2992 0.0969 0.2247 0.8955
0.7962 0.6457 0.0281 0.5459 0.2466 0.5282 1.0000
0.7564 0.7562 0.0257 0.2914 1.0000 0.4574 0.5150
0.8533 0.6326 0.0191 0.5280 0.1414 0.8515 1.0000
0.6883 0.1524 0.0305 0.1881 0.8777 0.0451 0.1794
0.3609 0.1992 0.0216 0.4134 1.0000 0.1561 0.9581
0.1255 0.8285 0.0265 0.3433 1.0000 0.4120 0.1436
0.6593 0.8074 0.0407 0.4479 0.1284 0.8386 0.1562
0.0372 0.1618 0.0197 0.2071 0.2153 0.4865 0.9396
0.6527 0.1036 0.0250 0.4401 0.8110 0.2184 0.8759
0.7902 0.8326 0.0248 0.2618 0.4408 0.9336 0.2928
0.9297 0.6164 0.0282 0.4873 0.2176 0.0475 0.8316
0.2757 0.8331 0.0380 0.5451 0.9854 0.8655 0.3357
0.7202 0.0559 0.0324 0.3034 0.1356 1.0000 0.8650
0.2812 0.8802 0.0334 0.4168 0.1604 0.4893 1.0000
0.1338 0.7456 0.0436 0.4820 0.1557 0.5751 0.8763
0.4449 0.1946 0.0245 0.3761 1.0000 0.0503 0.8690
0.9480 0.2827 0.0188 0.4803 0.4219 0.1281 1.0000
0.7598 0.6927 0.0187 0.4261 0.9786 0.2430 0.9330
0.9297 0.5759 0.0447 0.1717 0.0131 0.8240 0.2406
0.8816 0.5310 0.0337 0.4662 0.1207 0.0916 1.0000
0.6307 0.0900 0.0256 0.5124 0.2139 0.5800 0.9607
0.6097 0.3118 0.0241 0.2951 0.4326 0.6872 0.3158
0.3928 0.1296 0.0244 0.1509 1.0000 0.5222 0.1431
0.9333 0.0445 0.0407 0.1994 0.1766 0.0275 1.0000
0.5515 0.4472 0.0476 0.4477 0.2226 0.9584 0.9250
0.9392 0.0424 0.0274 0.1920 0.9424 0.8521 0.3115
0.0435 0.5458 0.0288 0.2005 0.0541 1.0000 1.0000
0.8369 0.2329 0.0380 0.4278 0.8363 0.2332 0.0195
0.5608 0.3620 0.0234 0.2801 0.2848 1.0000 0.1958
0.7396 0.7586 0.0442 0.1742 0.1707 0.9759 1.0000
0.7771 0.7943 0.0267 0.2349 0.5337 0.2116 0.8545
0.5121 0.7495 0.0256 0.3413 0.2462 0.2950 0.9928
0.4061 0.7715 0.0265 0.4605 1.0000 0.1315 0.0662
0.5057 0.4328 0.0399 0.3090 1.0000 1.0000 0.0511
0.0564 0.5181 0.0473 0.3475 0.1703 0.8049 0.0326
0.4570 0.6370 0.0157 0.8601 0.1609 0.9121 0.2269
0.1981 0.1327 0.0100 0.7425 0.9084 0.4355 0.0938
0.5081 0.9400 0.0159 0.7507 0.0818 0.8019 0.9636
0.9277 0.0354 0.0059 0.4632 0.3727 0.5369 0.8560
0.1751 0.6852 0.0153 0.5574 0.8415 0.2978 0.0844
0.1690 0.2751 0.0175 0.6408 0.8144 1.0000 0.0058
0.8700 0.4502 0.0126 0.6908 0.3620 0.6009 1.0000
0.1966 0.9235 0.0169 0.5894 0.6895 0.2772 1.0000
0.0809 0.9443 0.0077 0.6528 0.5432 0.7187 0.2568
0.5896 0.8612 0.0155 0.3251 0.9405 0.0696 0.1298
0.8113 0.8603 0.0158 0.4292 0.4568 0.9202 0.5171
0.2331 0.6533 0.0129 0.8384 0.4928 0.7861 0.3233
0.8897 0.3911 0.0065 0.6068 0.5261 0.2198 1.0000
0.6648 0.2642 0.0100 0.3763 0.2579 0.0953 1.0000
0.6854 0.4224 0.0176 0.7340 0.0933 0.8578 0.9048
0.0900 0.8190 0.0086 0.8006 0.2293 0.8418 0.8512
0.6130 0.6175 0.0117 0.5326 0.2069 0.4733 1.0000
0.4011 0.1607 0.0147 0.6475 1.0000 0.8419 0.1002
0.2592 0.1508 0.0054 0.7803 0.4599 0.1289 1.0000
0.8138 0.5795 0.0070 0.7304 0.3250 0.4807 0.9141
0.9650 0.1729 0.0073 0.8444 0.1657 0.6525 0.9125
0.0693 0.2857 0.0128 0.8926 0.8818 0.6574 0.2188
0.2940 0.3493 0.0091 0.5271 0.1867 0.9540 1.0000
0.0223 0.4070 0.0179 0.8788 0.9572 0.1818 0.0664
0.8475 0.2368 0.0055 0.8803 0.8816 0.5640 0.0760
0.9243 0.7315 0.0072 0.3107 1.0000 0.1566 0.8377
0.8450 0.9687 0.0162 0.6706 1.0000 0.8429 0.2463
0.0461 0.3036 0.0059 0.3773 0.9387 0.0081 0.0804
0.6879 0.1512 0.0125 0.8049 1.0000 0.9293 0.0827
0.0360 0.4293 0.0146 0.7660 0.2083 0.8588 1.0000
0.7794 0.6573 0.0052 0.3723 0.9403 0.4074 0.1765
0.2712 0.5217 0.0112 0.5676 0.5380 0.9286 0.4881
0.7884 0.8586 0.0127 0.7177 0.0999 0.8541 0.8950
0.2354 0.1266 0.0061 0.4679 0.4947 0.1192 0.9466
0.7595 0.2825 0.0116 0.3292 0.0435 1.0000 0.0696
0.8144 0.7967 0.0178 0.4725 0.9186 0.6219 0.2018
0.9127 0.8265 0.0130 0.8169 0.0524 0.8954 0.0219
0.9479 0.1715 0.0161 0.5220 0.9446 0.5434 0.1762
0.9471 0.7206 0.0080 0.5617 0.8598 0.9090 0.2711
0.9681 0.9123 0.0074 0.5671 0.8314 0.2791 0.9893
0.2176 0.9177 0.0093 0.7693 0.2235 0.1380 1.0000
0.4625 0.9749 0.0098 0.6963 0.8539 0.2280 0.9446
0.8705 0.8295 0.0055 0.6154 0.2925 0.2312 1.0000
0.9233 0.7902 0.0100 0.5415 1.0000 0.6510 0.2320
0.7943 0.5818 0.0179 0.7815 0.8598 0.6609 0.3108
0.2987 0.7757 0.0065 0.6150 0.0071 0.8347 0.9691
0.6563 0.4881 0.0163 0.3304 0.1243 0.1901 0.9392
0.7282 0.1821 0.0171 0.8082 0.9580 0.9124 0.4348
0.9746 0.6409 0.0174 0.6057 0.2573 0.8145 1.0000
0.9594 0.3600 0.0130 0.3088 1.0000 0.2935 0.5526
0.2831 0.5886 0.0090 0.4023 0.2330 0.8446 0.1268
0.5269 0.2136 0.0069 0.3173 0.8867 0.7884 0.2615
0.6900 0.9560 0.0158 0.3125 1.0000 0.1077 1.0000
0.3957 0.0302 0.0076 0.8447 0.0437 0.9333 0.0047
0.4514 0.7836 0.0108 0.7923 0.2262 0.9127 0.2405
0.1797 0.6565 0.0167 0.7994 1.0000 1.0000 0.2896
0.1760 0.0204 0.0115 0.4560 0.6804 0.0277 1.0000
0.8442 0.4589 0.0074 0.7960 0.3627 0.7975 0.3258
0.4477 0.3261 0.0070 0.5061 1.0000 0.6997 0.2962
0.0880 0.9759 0.0064 0.5079 0.2343 0.1585 0.9162
0.1233 0.7767 0.0120 0.3075 0.8800 0.6142 0.0634
0.9333 0.9683 0.0177 0.3756 0.8945 1.0000 0.2218
0.1684 0.0549 0.0170 0.5618 0.1437 1.0000 1.0000
0.2320 0.3666 0.0069 0.5127 0.8289 0.2684 1.0000
0.3585 0.5744 0.0093 0.5739 0.3017 0.8800 0.2712
0.9658 0.5872 0.0175 0.5639 0.9302 0.7299 0.2481
0.9698 0.5478 0.0096 0.6883 0.5008 0.9434 0.2606
0.0979 0.6953 0.0136 0.5595 0.9099 0.0741 0.2347
0.3593 0.5587 0.0142 0.7506 0.4280 0.7028 1.0000
0.8534 0.5921 0.0116 0.7715 0.1147 0.0091 0.8695
0.8237 0.1147 0.0057 0.6253 1.0000 0.5967 0.1111
0.4090 0.8032 0.0171 0.4319 0.8843 0.5734 0.2992
0.8648 0.6351 0.0105 0.4455 0.2866 0.8761 0.3503
0.8856 0.0208 0.0152 0.4863 0.5158 0.2290 0.8384
0.4451 0.0217 0.0094 0.7069 1.0000 0.8652 0.3142
0.4244 0.3825 0.0143 0.4324 0.1695 0.5853 0.9303
0.0833 0.5384 0.0066 0.3414 0.1371 0.2376 1.0000
0.3043 0.5718 0.0115 0.3555 0.1833 0.4824 1.0000
0.1301 0.6304 0.0153 0.6015 0.5648 0.1271 0.8704
0.3267 0.2141 0.0076 0.8610 0.0680 0.9203 1.0000
0.3012 0.4742 0.0074 0.8372 0.0236 0.2427 1.0000
0.6869 0.5699 0.0080 0.6665 0.0511 0.0491 0.9767
0.1464 0.0485 0.0106 0.5790 1.0000 1.0000 0.1959
0.1699 0.4295 0.0117 0.6664 0.0451 0.1016 0.8269
0.7623 0.8758 0.0070 0.8212 0.9556 0.8693 0.1077
0.1015 0.8149 0.0173 0.3357 0.9742 0.2783 0.8651
0.9761 0.8206 0.0053 0.8429 1.0000 0.4068 0.0027
0.4009 0.4277 0.0117 0.8292 1.0000 0.8840 0.1591
0.4171 0.7559 0.0060 0.7706 0.2745 0.9124 0.3956
0.5708 0.0987 0.0097 0.3271 0.4061 0.7351 0.3933
0.5984 0.0558 0.0062 0.7639 1.0000 0.2044 0.1380
0.1676 0.5660 0.0165 0.5048 0.4185 0.5702 0.8864
0.8916 0.5468 0.0148 0.7563 0.9976 0.0611 0.9270
0.3764 0.6190 0.0097 0.7383 1.0000 0.4696 0.5548
0.3093 0.4753 0.0070 0.5810 1.0000 1.0000 0.2934
0.7365 0.7450 0.0108 0.6720 0.8908 0.9452 0.2264
0.6265 0.8968 0.0064 0.3484 0.9974 0.5386 0.4763
0.1744 0.0388 0.0083 0.3803 0.2393 1.0000 0.2230
0.1871 0.2948 0.0081 0.6445 0.2499 0.2764 1.0000
0.6969 0.4677 0.0096 0.4184 1.0000 0.6794 0.2078
0.6500 0.7640 0.0074 0.8857 0.9812 0.1031 0.8037
0.7625 0.4261 0.0113 0.5550 0.2277 0.8619 1.0000
0.5884 0.9422 0.0095 0.6264 0.2581 0.8374 0.0642
0.4054 0.2461 0.0072 0.5472 0.5306 0.1970 1.0000
0.8407 0.6659 0.0068 0.3714 0.1705 0.9846 0.1778
0.4214 0.8172 0.0115 0.3415 0.3191 0.7292 0.4144
0.9403 0.0749 0.0085 0.7797 0.8656 0.5329 0.2020
0.9752 0.9210 0.0153 0.8782 1.0000 0.2971 0.6888
0.0857 0.5636 0.0110 0.8660 0.0846 1.0000 0.2910
0.0699 0.2984 0.0071 0.7185 0.8486 0.5039 0.1109
0.1715 0.3475 0.0166 0.7900 0.2421 1.0000 0.2730
0.3647 0.8575 0.0093 0.7697 0.0354 1.0000 0.0824
0.9438 0.7005 0.0149 0.7454 0.0296 0.9242 0.2709
0.5284 0.8962 0.0077 0.8001 0.2542 0.0474 0.9562
0.4838 0.0833 0.0133 0.5029 0.0327 0.8875 0.1247
0.2057 0.6178 0.0102 0.6982 0.9012 0.1040 0.2100
0.8344 0.7222 0.0172 0.5679 0.3248 0.6804 0.3958
0.4378 0.1001 0.0058 0.3422 0.4125 0.7372 0.4002
0.3354 0.0499 0.0079 0.7102 0.1918 0.8699 1.0000
0.6721 0.3115 0.0106 0.7093 0.2638 0.6103 0.8767
0.1986 0.0254 0.0081 0.6657 0.4419 0.5635 0.8844
0.0301 0.9050 0.0096 0.8302 0.0382 0.9090 0.1383
0.8353 0.6006 0.0164 0.5397 1.0000 0.2841 0.6840
0.6303 0.3869 0.0050 0.6951 1.0000 0.2358 0.0199
0.9233 0.6028 0.0073 0.5352 0.1513 0.9269 0.9160
0.8653 0.1368 0.0078 0.4122 0.2382 0.6245 0.8668
0.6757 0.7556 0.0093 0.8767 0.0371 0.8250 0.2903
0.4930 0.6939 0.0102 0.3960 0.8475 1.0000 0.2401
0.6425 0.7557 0.0177 0.6955 1.0000 0.2039 0.2348
0.6904 0.2544 0.0173 0.5057 0.8012 0.0652 0.9749
0.7436 0.1959 0.0163 0.6632 0.2530 0.8735 0.9752
0.8068 0.9199 0.0161 0.6992 1.0000 0.9643 0.0643
0.3285 0.6471 0.0121 0.5282 0.0056 0.0588 1.0000
0.5480 0.7657 0.0155 0.6164 0.8738 0.2610 0.5588
0.5575 0.0540 0.0126 0.3715 1.0000 0.2786 0.9476
0.7277 0.7888 0.0114 0.7525 0.8900 0.6224 0.2977
0.4523 0.8653 0.0119 0.4753 0.1548 0.0567 0.8548
0.9784 0.5992 0.0077 0.6707 1.0000 1.0000 0.2184
0.3934 0.1832 0.0059 0.4787 0.2569 0.6157 1.0000
0.4323 0.7713 0.0091 0.4504 0.2634 0.9485 0.9149
