# T4: Dense 5-cluster with 300 Gaussians
# 5 color clusters with halos + filaments between clusters
# Format: x y sigma alpha r g b

0.2561 0.1818 0.0598 0.0912 0.9622 0.5115 0.1390
0.3720 0.2453 0.0540 0.1927 0.8621 0.3830 0.2328
0.2310 0.1665 0.0681 0.1911 0.8441 0.4868 0.0594
0.3060 0.1393 0.0738 0.1564 0.9890 0.3368 0.0594
0.2953 0.2850 0.0522 0.1162 0.9533 0.2586 0.3040
0.2387 0.2157 0.0460 0.1573 0.9079 0.4713 0.0927
0.4178 0.2790 0.0365 0.4211 1.0000 0.2943 0.2281
0.0833 0.2486 0.0306 0.5662 0.8198 0.3657 0.2510
0.3089 0.2262 0.0138 0.4555 1.0000 0.5269 0.2700
0.3980 0.2897 0.0231 0.2664 0.8077 0.2326 0.1240
0.2790 0.1797 0.0374 0.4684 1.0000 0.5662 0.2927
0.2011 0.3043 0.0301 0.5568 0.8027 0.3560 0.1451
0.2896 0.2097 0.0395 0.2117 0.8753 0.2121 0.1871
0.3509 0.3703 0.0306 0.5674 0.8144 0.4724 0.3396
0.2044 0.2619 0.0313 0.5240 1.0000 0.4149 0.1210
0.1092 0.1885 0.0343 0.2601 1.0000 0.2999 0.3414
0.2449 0.2439 0.0146 0.2734 0.9701 0.3562 0.3881
0.2288 0.1350 0.0248 0.4632 1.0000 0.4128 0.2894
0.2309 0.1694 0.0231 0.2471 0.8332 0.5946 0.1903
0.3284 0.1438 0.0301 0.2335 1.0000 0.2018 0.1835
0.2973 0.2412 0.0271 0.2022 0.7898 0.5201 0.3369
0.4193 0.2871 0.0131 0.5338 1.0000 0.5083 0.2601
0.2462 0.2519 0.0377 0.3475 1.0000 0.2611 0.2701
0.1644 0.1203 0.0166 0.3114 1.0000 0.3604 0.1177
0.1692 0.1473 0.0306 0.5228 1.0000 0.5767 0.0835
0.2256 0.1032 0.0388 0.5925 0.8680 0.4016 0.0053
0.2702 0.2051 0.0109 0.6218 0.8804 0.3861 0.1333
0.2809 0.2574 0.0103 0.7442 0.8650 0.3682 0.2848
0.2498 0.2217 0.0089 0.6165 0.9579 0.3582 0.1109
0.2269 0.2822 0.0110 0.5467 0.9644 0.3377 0.2996
0.2137 0.2939 0.0068 0.8675 0.9060 0.3128 0.2129
0.2884 0.2427 0.0107 0.6536 0.9320 0.3622 0.1493
0.2352 0.1856 0.0116 0.6703 0.8771 0.3892 0.2385
0.2523 0.2580 0.0085 0.8482 0.9457 0.4028 0.1556
0.2576 0.1891 0.0108 0.5649 1.0000 0.3966 0.2403
0.3424 0.2058 0.0063 0.5604 0.9449 0.4643 0.2355
0.2455 0.3803 0.0077 0.6760 1.0000 0.3953 0.1275
0.2469 0.2454 0.0113 0.8601 0.8973 0.3081 0.2684
0.1800 0.2393 0.0084 0.5137 0.9578 0.3621 0.1690
0.1939 0.2073 0.0140 0.6146 0.9779 0.3922 0.2859
0.8316 0.2079 0.0458 0.0982 0.2478 0.5003 0.8974
0.6703 0.2575 0.0628 0.1816 0.2124 0.4511 1.0000
0.7486 0.2548 0.0795 0.0933 0.3206 0.6800 0.8641
0.7302 0.1937 0.0725 0.1886 0.2917 0.4618 0.8590
0.7763 0.2710 0.0562 0.1313 0.1719 0.6596 1.0000
0.7725 0.3115 0.0645 0.1358 0.3235 0.5735 1.0000
0.6628 0.2483 0.0337 0.4876 0.1142 0.4862 0.8145
0.6485 0.2678 0.0328 0.5145 0.1203 0.4183 1.0000
0.7900 0.3055 0.0250 0.5614 0.2878 0.7045 0.7929
0.7242 0.3688 0.0132 0.6354 0.1414 0.4163 0.8158
0.7053 0.3939 0.0253 0.6179 0.3041 0.6794 1.0000
0.7097 0.2746 0.0227 0.4902 0.3475 0.4603 1.0000
0.8242 0.1758 0.0122 0.3111 0.3784 0.4245 0.7879
0.7882 0.2536 0.0203 0.3564 0.2340 0.4324 0.9250
0.6477 0.0840 0.0332 0.5960 0.3028 0.5141 1.0000
0.8967 0.3044 0.0285 0.5566 0.1008 0.4315 1.0000
0.6995 0.2965 0.0291 0.3992 0.2876 0.5284 1.0000
0.7089 0.2036 0.0176 0.2073 0.2590 0.7206 1.0000
0.7494 0.2527 0.0367 0.2657 0.1251 0.6654 1.0000
0.7271 0.2581 0.0304 0.3737 0.1415 0.5064 0.9130
0.7780 0.2582 0.0142 0.2972 0.0940 0.4762 1.0000
0.7768 0.2077 0.0383 0.3171 0.1972 0.6742 1.0000
0.7630 0.2210 0.0396 0.4954 0.0565 0.5709 0.8461
0.7047 0.2701 0.0232 0.3309 0.0962 0.4074 1.0000
0.6684 0.2947 0.0276 0.3043 0.0402 0.4594 1.0000
0.8304 0.2782 0.0342 0.4433 0.1540 0.7981 1.0000
0.6913 0.3045 0.0132 0.7385 0.1606 0.5325 0.8852
0.7684 0.2498 0.0118 0.7391 0.2391 0.5028 0.9388
0.7672 0.2884 0.0053 0.5667 0.1363 0.6770 0.9434
0.7323 0.2479 0.0087 0.8995 0.2468 0.5909 0.9513
0.6753 0.2545 0.0085 0.5514 0.1568 0.6640 0.9300
0.7599 0.2337 0.0115 0.5167 0.1663 0.6519 1.0000
0.6996 0.2965 0.0146 0.8981 0.2313 0.5799 0.9927
0.7667 0.2285 0.0076 0.7046 0.2377 0.5762 0.9759
0.7276 0.2253 0.0080 0.7903 0.1139 0.6048 0.8823
0.7880 0.3134 0.0124 0.5677 0.1209 0.6097 0.9121
0.7437 0.2640 0.0132 0.6510 0.2173 0.6673 0.8774
0.7008 0.3138 0.0092 0.5785 0.2687 0.5826 1.0000
0.7387 0.2478 0.0138 0.8402 0.1455 0.5831 0.9751
0.7094 0.2556 0.0144 0.8352 0.2198 0.6361 0.8898
0.4129 0.5121 0.0781 0.1040 0.4518 0.9350 0.1946
0.5008 0.5188 0.0647 0.0995 0.5321 1.0000 0.3836
0.3548 0.4448 0.0733 0.1468 0.2701 1.0000 0.2965
0.6100 0.5104 0.0604 0.1913 0.4020 0.9553 0.2047
0.6458 0.4393 0.0631 0.0851 0.5049 1.0000 0.4408
0.5477 0.5077 0.0654 0.1891 0.3792 1.0000 0.3639
0.5278 0.3709 0.0231 0.3652 0.3186 1.0000 0.3914
0.4547 0.4078 0.0120 0.2152 0.4406 0.7842 0.1743
0.3779 0.6805 0.0256 0.4263 0.4692 0.8184 0.1009
0.6224 0.4321 0.0380 0.5851 0.5039 0.8091 0.4908
0.4208 0.5311 0.0309 0.4246 0.5864 0.9872 0.2001
0.4039 0.5732 0.0247 0.3045 0.2477 0.9404 0.1041
0.5166 0.5679 0.0284 0.5045 0.4649 1.0000 0.2980
0.5465 0.5129 0.0313 0.3243 0.4441 1.0000 0.2537
0.4925 0.3212 0.0388 0.4609 0.3904 1.0000 0.4852
0.5221 0.5108 0.0371 0.2534 0.4373 0.8490 0.4486
0.4326 0.5961 0.0364 0.6117 0.2491 1.0000 0.3300
0.5681 0.5374 0.0297 0.5167 0.5641 0.7894 0.3086
0.6103 0.5596 0.0364 0.2316 0.5354 0.7630 0.3318
0.5602 0.4694 0.0365 0.3740 0.2572 1.0000 0.2998
0.4028 0.3967 0.0183 0.4660 0.2458 1.0000 0.3564
0.5948 0.3816 0.0125 0.5215 0.3434 0.9245 0.1824
0.6742 0.5806 0.0393 0.4723 0.5769 0.7580 0.3445
0.4292 0.8117 0.0394 0.2777 0.2047 1.0000 0.4373
0.3773 0.6182 0.0295 0.2444 0.4567 1.0000 0.4874
0.4478 0.4192 0.0152 0.5739 0.5806 0.9499 0.1022
0.4389 0.4702 0.0146 0.8483 0.3693 0.9842 0.3162
0.4445 0.4997 0.0128 0.6322 0.3679 0.8649 0.3627
0.4644 0.4773 0.0093 0.6148 0.3333 0.8523 0.3570
0.5336 0.4502 0.0070 0.6803 0.3448 1.0000 0.2467
0.5798 0.4953 0.0103 0.7924 0.3592 1.0000 0.2589
0.4996 0.5217 0.0112 0.8365 0.4020 0.8797 0.2921
0.4828 0.4938 0.0065 0.5712 0.3913 0.9643 0.2551
0.4074 0.5592 0.0130 0.8005 0.3446 0.9839 0.2773
0.5531 0.4031 0.0085 0.8093 0.3495 0.9553 0.3318
0.4529 0.5598 0.0090 0.6529 0.4042 1.0000 0.2560
0.4421 0.5051 0.0061 0.6168 0.4781 0.9000 0.3353
0.5775 0.4628 0.0057 0.6968 0.3168 1.0000 0.2725
0.4692 0.4111 0.0112 0.5131 0.3688 0.9636 0.3310
0.4334 0.4210 0.0140 0.5663 0.4529 0.8591 0.2189
0.3203 0.6552 0.0465 0.1541 0.8620 0.2332 0.7326
0.1650 0.7491 0.0415 0.0849 0.9837 0.2204 0.7461
0.1828 0.7695 0.0680 0.1527 0.8864 0.1731 0.6823
0.2931 0.6647 0.0482 0.1698 0.9835 0.0900 0.6858
0.3803 0.8192 0.0554 0.1934 0.9946 0.1816 0.8349
0.2232 0.8028 0.0706 0.0929 1.0000 0.0669 0.7280
0.1469 0.6783 0.0359 0.2853 1.0000 0.2803 0.5649
0.2970 0.6323 0.0190 0.2927 1.0000 0.1903 0.5820
0.3588 0.6589 0.0363 0.6174 1.0000 0.2999 0.5077
0.3280 0.8095 0.0137 0.4709 1.0000 0.3785 0.8354
0.1561 0.8494 0.0132 0.2002 0.8783 0.1187 0.5856
0.2690 0.6960 0.0170 0.3695 0.9618 0.3271 0.7959
0.1643 0.8202 0.0158 0.3644 0.9933 0.2253 0.6017
0.2470 0.7671 0.0240 0.5814 1.0000 0.2159 0.5965
0.2854 0.6510 0.0272 0.4756 1.0000 0.3868 0.6858
0.2310 0.7584 0.0394 0.3808 1.0000 0.2855 0.5840
0.3532 0.6710 0.0210 0.2765 1.0000 0.0866 0.7976
0.2221 0.6926 0.0233 0.3206 0.9385 0.1820 0.5773
0.2100 0.7623 0.0386 0.3869 0.7500 0.3372 0.8080
0.2213 0.7769 0.0383 0.5489 0.8321 0.2333 0.8774
0.0894 0.6572 0.0245 0.2895 1.0000 0.3953 0.7358
0.0790 0.8445 0.0221 0.5054 0.9691 0.0723 0.5227
0.2424 0.6141 0.0156 0.4149 1.0000 0.3755 0.8098
0.3223 0.6663 0.0389 0.3758 0.7983 0.3234 0.6762
0.1332 0.7030 0.0198 0.3798 0.9766 0.0257 0.6898
0.2561 0.7152 0.0262 0.4444 1.0000 0.1931 0.5203
0.2335 0.8360 0.0108 0.6466 0.8715 0.2476 0.6759
0.2685 0.7409 0.0095 0.8510 0.8637 0.1388 0.7970
0.3395 0.7061 0.0089 0.7026 0.9590 0.1288 0.7842
0.3047 0.7636 0.0055 0.7409 0.9406 0.1890 0.6934
0.1926 0.7571 0.0086 0.6811 0.8576 0.2766 0.7455
0.1853 0.7711 0.0096 0.5170 0.8970 0.2037 0.6796
0.2427 0.7517 0.0059 0.6444 0.9557 0.1640 0.6829
0.2849 0.7181 0.0064 0.6021 0.9871 0.1717 0.7540
0.2116 0.7619 0.0137 0.8116 0.8939 0.1249 0.7639
0.2857 0.7700 0.0055 0.7568 0.9348 0.1503 0.7815
0.3406 0.7799 0.0129 0.7396 0.9545 0.1350 0.7856
0.2845 0.6805 0.0145 0.5373 0.8645 0.2094 0.6860
0.2365 0.6975 0.0135 0.8128 0.8896 0.1753 0.6302
0.2004 0.6666 0.0063 0.8440 0.8588 0.1103 0.7985
0.7867 0.7248 0.0485 0.1461 0.9353 0.8080 0.3138
0.6760 0.8097 0.0527 0.0889 0.8781 0.8315 0.2698
0.7625 0.7397 0.0474 0.1798 0.8105 0.8943 0.3046
0.7548 0.7792 0.0692 0.0879 0.8869 0.9436 0.2411
0.8722 0.6352 0.0483 0.1624 0.9283 0.8488 0.2509
0.6907 0.7254 0.0513 0.1715 0.9588 0.8059 0.1123
0.7737 0.8080 0.0160 0.2262 1.0000 0.7215 0.3584
0.7661 0.7447 0.0231 0.3546 1.0000 1.0000 0.2512
0.7991 0.7175 0.0175 0.5928 0.7053 0.9834 0.3095
0.6813 0.8171 0.0154 0.4668 0.7217 1.0000 0.1650
0.7398 0.8118 0.0369 0.3617 0.7857 0.7125 0.0423
0.5859 0.8008 0.0197 0.4773 0.7592 0.8951 0.1424
0.7304 0.7714 0.0232 0.5782 0.7956 0.8429 0.3183
0.7629 0.8254 0.0126 0.2406 0.8778 0.8047 0.1613
0.8001 0.7145 0.0349 0.2960 0.9192 0.9331 0.3923
0.8125 0.7657 0.0235 0.5287 0.9118 0.7602 0.2504
0.7586 0.5388 0.0369 0.3634 0.9677 0.8502 0.2666
0.5019 0.8103 0.0180 0.3206 1.0000 0.9485 0.1271
0.8706 0.6644 0.0258 0.5779 0.7193 0.7592 0.0944
0.8005 0.8583 0.0339 0.3470 1.0000 0.7492 0.0491
0.7160 0.6739 0.0369 0.2359 0.9512 0.9343 0.1964
0.6620 0.6823 0.0301 0.3663 0.9473 0.7183 0.3056
0.7885 0.7058 0.0181 0.3991 0.8098 0.9986 0.2940
0.7355 0.6785 0.0316 0.2080 0.9673 1.0000 0.2709
0.6648 0.8147 0.0126 0.6290 0.9961 0.9934 0.1289
0.8868 0.7747 0.0153 0.4089 0.9810 0.7193 0.3411
0.7863 0.7653 0.0074 0.7801 0.8462 0.8786 0.2535
0.7476 0.7135 0.0089 0.7235 0.9031 0.8369 0.1874
0.6831 0.8297 0.0078 0.7276 0.8519 0.8241 0.1922
0.7151 0.7447 0.0060 0.6526 0.8086 0.9101 0.2817
0.6777 0.7914 0.0093 0.7402 0.8771 0.8393 0.2969
0.6826 0.7447 0.0111 0.8729 0.8444 0.9132 0.1517
0.7470 0.7442 0.0117 0.6744 0.8253 0.8746 0.2361
0.7670 0.7593 0.0131 0.7451 0.8506 0.7729 0.1456
0.7353 0.8088 0.0139 0.5154 0.9344 0.7990 0.1926
0.7139 0.8236 0.0060 0.8122 0.8906 0.8957 0.1071
0.7939 0.7674 0.0127 0.5533 0.8969 0.8473 0.1210
0.7959 0.7344 0.0089 0.7740 0.9911 0.9433 0.1778
0.7439 0.8054 0.0140 0.6380 0.9294 0.8115 0.1913
0.7738 0.7674 0.0148 0.6985 0.8121 0.7629 0.1314
0.3677 0.7432 0.0192 0.4515 0.6797 0.6205 0.8109
0.2361 0.4471 0.0202 0.3119 0.5298 0.8499 0.8213
0.3436 0.2410 0.0199 0.1609 0.6810 0.7992 0.5608
0.5569 0.4580 0.0255 0.2381 0.7487 0.5760 0.6152
0.4240 0.3212 0.0232 0.3730 0.6482 0.8333 0.6333
0.5752 0.7251 0.0084 0.4353 0.9682 0.9967 0.8170
0.3641 0.2746 0.0265 0.3210 0.8044 0.6400 0.7459
0.5541 0.4306 0.0117 0.3191 0.7674 0.8899 0.6854
0.7329 0.6695 0.0102 0.4043 0.8045 0.9751 0.9726
0.6773 0.4305 0.0168 0.4920 0.7617 0.9166 0.7595
0.5155 0.4653 0.0145 0.4464 0.9626 0.8037 0.8387
0.6500 0.6251 0.0224 0.3931 0.8108 0.5964 0.6219
0.6227 0.4045 0.0272 0.2214 0.9394 0.8815 0.9643
0.2258 0.5637 0.0197 0.2711 0.5598 0.7646 0.9288
0.2696 0.5016 0.0293 0.3759 0.9071 0.7783 0.5831
0.4798 0.2601 0.0192 0.2035 0.8490 0.8186 0.9835
0.6160 0.3720 0.0080 0.3897 0.9960 0.6766 0.8728
0.4909 0.5095 0.0203 0.3737 0.9035 0.9546 0.8868
0.2919 0.3449 0.0193 0.4736 0.5831 0.8355 0.7145
0.6094 0.7098 0.0128 0.4571 0.7833 0.6197 0.9026
0.5964 0.5604 0.0091 0.4708 0.8763 0.5420 0.7456
0.5897 0.4313 0.0135 0.3108 0.6731 0.5300 0.8449
0.5613 0.6493 0.0260 0.4639 0.9569 0.8456 0.5285
0.2253 0.5878 0.0187 0.2996 0.8055 0.8326 0.8013
0.7017 0.6476 0.0097 0.4843 0.5455 0.8985 0.7651
0.6553 0.6122 0.0142 0.3789 0.5880 0.5590 0.8542
0.5525 0.4177 0.0154 0.4996 0.6401 0.9155 0.6630
0.4846 0.7518 0.0137 0.4628 0.7526 0.8388 0.6073
0.5960 0.1899 0.0198 0.2702 0.9652 0.8878 0.6311
0.5941 0.4931 0.0114 0.2092 0.6270 0.7501 0.8763
0.6363 0.5961 0.0282 0.1921 0.7772 0.5634 0.7069
0.3450 0.3054 0.0154 0.3872 0.9364 0.5660 0.7693
0.5406 0.7122 0.0089 0.3365 0.9875 0.7137 0.5201
0.6980 0.7266 0.0106 0.4500 0.6468 0.8935 0.6769
0.5758 0.5533 0.0248 0.4005 0.7802 0.7751 0.8719
0.2349 0.4288 0.0251 0.4280 0.9761 0.9100 0.6004
0.3522 0.3698 0.0249 0.3593 0.7726 0.7467 0.6252
0.6974 0.5355 0.0265 0.2421 0.8996 0.6318 0.7919
0.7378 0.6953 0.0174 0.2558 0.9861 0.6798 0.8951
0.5492 0.3445 0.0212 0.1775 0.9669 0.6267 0.8876
0.4758 0.7527 0.0130 0.3065 0.9909 0.5377 0.5618
0.6919 0.6266 0.0131 0.1750 0.7176 0.6044 0.7630
0.6224 0.4791 0.0193 0.4853 0.5463 0.6216 0.6407
0.3960 0.4167 0.0263 0.2370 0.5197 0.5246 0.7126
0.7101 0.4308 0.0271 0.1767 0.7261 0.7480 0.9602
0.5912 0.8033 0.0235 0.3609 0.9796 0.8736 0.5079
0.5776 0.7524 0.0273 0.1604 0.9685 0.9820 0.8553
0.4997 0.5692 0.0169 0.2125 0.9588 0.7935 0.6304
0.6566 0.3261 0.0130 0.1873 0.6497 0.5556 0.5005
0.5749 0.5045 0.0297 0.3661 0.8577 0.7340 0.8366
