# Competition T5: 20 anisotropic Gaussians with rotation
# Tests directional fitting — ellipses at various orientations
# Format: x  y  sigma_x  sigma_y  theta  alpha  r  g  b

# Horizontal ellipses
0.25 0.15 0.060 0.015 0.00 0.70 0.95 0.30 0.20
0.70 0.20 0.050 0.012 0.00 0.65 0.20 0.85 0.35

# Vertical ellipses
0.15 0.50 0.012 0.055 1.57 0.70 0.30 0.40 0.95
0.85 0.55 0.015 0.060 1.57 0.65 0.90 0.25 0.80

# Diagonal ellipses (various angles)
0.35 0.35 0.045 0.012 0.78 0.60 0.95 0.70 0.20
0.60 0.40 0.050 0.014 -0.78 0.60 0.20 0.95 0.60
0.45 0.65 0.040 0.010 1.20 0.65 0.80 0.20 0.95
0.30 0.75 0.048 0.013 -0.40 0.55 0.95 0.95 0.30

# Overlapping anisotropic cluster in center
0.48 0.48 0.035 0.018 0.50 0.45 0.90 0.50 0.50
0.52 0.52 0.030 0.016 -0.50 0.45 0.50 0.90 0.50
0.50 0.50 0.025 0.025 0.00 0.50 0.50 0.50 0.90

# Large background ellipses
0.40 0.20 0.080 0.020 0.30 0.30 0.60 0.60 0.60
0.65 0.75 0.070 0.018 -1.10 0.35 0.70 0.50 0.40

# Small sharp ellipses
0.80 0.80 0.020 0.006 2.00 0.80 0.95 0.20 0.95
0.12 0.85 0.018 0.005 -1.50 0.75 0.20 0.95 0.95
0.90 0.30 0.022 0.007 0.90 0.72 0.95 0.95 0.20

# Near-isotropic for contrast
0.20 0.25 0.025 0.022 0.10 0.60 0.80 0.80 0.80
0.75 0.45 0.028 0.024 -0.20 0.55 0.90 0.70 0.60
0.55 0.15 0.020 0.018 1.00 0.50 0.70 0.90 0.70
0.40 0.88 0.024 0.020 -0.60 0.58 0.85 0.60 0.85
